UNITS=MM
#Layer_Color=6321
#
#Feature symbol names
#
$0 r127

#
#Feature attribute names
#

#
#Layer features
#
L 26.543 108.077 26.543 108.585 0 P 0
L 26.543 108.077 26.797 108.077 0 P 0
L 26.543 108.585 26.797 108.585 0 P 0
L 26.797 107.823 26.797 108.077 0 P 0
L 26.797 107.823 27.305 107.823 0 P 0
L 26.797 108.585 26.797 108.839 0 P 0
L 26.797 108.839 27.305 108.839 0 P 0
L 27.10000168 97.27499976 27.10000168 98.1213938 0 P 0
L 27.10000168 98.1213938 27.5231987 98.54458828 0 P 0
L 27.10000168 105.91499772 27.10000168 106.76139176 0 P 0
L 27.10000168 106.76139176 27.5231987 107.18458624 0 P 0
L 27.305 107.823 27.305 108.077 0 P 0
L 27.305 108.077 27.559 108.077 0 P 0
L 27.305 108.585 27.305 108.839 0 P 0
L 27.305 108.585 27.559 108.585 0 P 0
L 27.432 93.218 27.432 93.726 0 P 0
L 27.432 93.218 27.686 93.218 0 P 0
L 27.432 93.726 27.686 93.726 0 P 0
L 27.5231987 98.54458828 27.94639572 98.1213938 0 P 0
L 27.5231987 107.18458624 27.94639572 106.76139176 0 P 0
L 27.559 108.077 27.559 108.585 0 P 0
L 27.686 92.964 27.686 93.218 0 P 0
L 27.686 92.964 28.194 92.964 0 P 0
L 27.686 93.726 27.686 93.98 0 P 0
L 27.686 93.98 28.194 93.98 0 P 0
L 27.94639572 97.27499976 27.94639572 97.90979402 0 P 0
L 27.94639572 97.90979402 27.10000168 97.90979402 0 P 0
L 27.94639572 98.1213938 27.94639572 97.27499976 0 P 0
L 27.94639572 105.91499772 27.94639572 106.54979198 0 P 0
L 27.94639572 106.54979198 27.10000168 106.54979198 0 P 0
L 27.94639572 106.76139176 27.94639572 105.91499772 0 P 0
L 28.194 92.964 28.194 93.218 0 P 0
L 28.194 93.218 28.448 93.218 0 P 0
L 28.194 93.726 28.194 93.98 0 P 0
L 28.194 93.726 28.448 93.726 0 P 0
L 28.448 93.218 28.448 93.726 0 P 0
L 29.89200016 99.12799834 30.40000016 98.11199834 0 P 0
L 29.89200016 99.12799834 30.90800016 99.12799834 0 P 0
L 29.89200016 99.97799918 30.40000016 98.96199918 0 P 0
L 29.89200016 99.97799918 30.90800016 99.97799918 0 P 0
L 29.89200016 100.82799748 30.40000016 99.81199748 0 P 0
L 29.89200016 100.82799748 30.90800016 100.82799748 0 P 0
L 29.89200016 101.67799832 30.40000016 100.66199832 0 P 0
L 29.89200016 101.67799832 30.90800016 101.67799832 0 P 0
L 29.89200016 102.52799916 30.40000016 101.51199916 0 P 0
L 29.89200016 102.52799916 30.90800016 102.52799916 0 P 0
L 29.89200016 103.378 30.40000016 102.362 0 P 0
L 29.89200016 103.378 30.90800016 103.378 0 P 0
L 29.89200016 104.2279983 30.40000016 103.2119983 0 P 0
L 29.89200016 104.2279983 30.90800016 104.2279983 0 P 0
L 29.89200016 105.07799914 30.40000016 104.06199914 0 P 0
L 29.89200016 105.07799914 30.90800016 105.07799914 0 P 0
L 30.40000016 98.11199834 30.90800016 99.12799834 0 P 0
L 30.40000016 98.96199918 30.90800016 99.97799918 0 P 0
L 30.40000016 99.81199748 30.90800016 100.82799748 0 P 0
L 30.40000016 100.66199832 30.90800016 101.67799832 0 P 0
L 30.40000016 101.51199916 30.90800016 102.52799916 0 P 0
L 30.40000016 102.362 30.90800016 103.378 0 P 0
L 30.40000016 103.2119983 30.90800016 104.2279983 0 P 0
L 30.40000016 104.06199914 30.90800016 105.07799914 0 P 0
L 31.242 99.12799834 31.75 98.11199834 0 P 0
L 31.242 99.12799834 32.258 99.12799834 0 P 0
L 31.242 99.97799918 31.75 98.96199918 0 P 0
L 31.242 99.97799918 32.258 99.97799918 0 P 0
L 31.242 100.82799748 31.75 99.81199748 0 P 0
L 31.242 100.82799748 32.258 100.82799748 0 P 0
L 31.242 101.67799832 31.75 100.66199832 0 P 0
L 31.242 101.67799832 32.258 101.67799832 0 P 0
L 31.242 102.52799916 31.75 101.51199916 0 P 0
L 31.242 102.52799916 32.258 102.52799916 0 P 0
L 31.242 103.378 31.75 102.362 0 P 0
L 31.242 103.378 32.258 103.378 0 P 0
L 31.242 104.2279983 31.75 103.2119983 0 P 0
L 31.242 104.2279983 32.258 104.2279983 0 P 0
L 31.242 105.07799914 31.75 104.06199914 0 P 0
L 31.242 105.07799914 32.258 105.07799914 0 P 0
L 31.250001 97.27499976 31.250001 98.1213938 0 P 0
L 31.250001 98.1213938 31.67319802 98.54458828 0 P 0
L 31.250001 105.91499772 31.250001 106.76139176 0 P 0
L 31.250001 106.76139176 31.67319802 107.18458624 0 P 0
L 31.67319802 98.54458828 32.09639504 98.1213938 0 P 0
L 31.67319802 107.18458624 32.09639504 106.76139176 0 P 0
L 31.75 98.11199834 32.258 99.12799834 0 P 0
L 31.75 98.96199918 32.258 99.97799918 0 P 0
L 31.75 99.81199748 32.258 100.82799748 0 P 0
L 31.75 100.66199832 32.258 101.67799832 0 P 0
L 31.75 101.51199916 32.258 102.52799916 0 P 0
L 31.75 102.362 32.258 103.378 0 P 0
L 31.75 103.2119983 32.258 104.2279983 0 P 0
L 31.75 104.06199914 32.258 105.07799914 0 P 0
L 32.09639504 97.27499976 32.09639504 97.90979402 0 P 0
L 32.09639504 97.90979402 31.250001 97.90979402 0 P 0
L 32.09639504 98.1213938 32.09639504 97.27499976 0 P 0
L 32.09639504 105.91499772 32.09639504 106.54979198 0 P 0
L 32.09639504 106.54979198 31.250001 106.54979198 0 P 0
L 32.09639504 106.76139176 32.09639504 105.91499772 0 P 0
L 32.385 109.855 32.385 110.363 0 P 0
L 32.385 109.855 32.639 109.855 0 P 0
L 32.385 110.363 32.639 110.363 0 P 0
L 32.639 109.601 32.639 109.855 0 P 0
L 32.639 109.601 33.147 109.601 0 P 0
L 32.639 110.363 32.639 110.617 0 P 0
L 32.639 110.617 33.147 110.617 0 P 0
L 33.147 109.601 33.147 109.855 0 P 0
L 33.147 109.855 33.401 109.855 0 P 0
L 33.147 110.363 33.147 110.617 0 P 0
L 33.147 110.363 33.401 110.363 0 P 0
L 33.401 109.855 33.401 110.363 0 P 0
L 34.671 100.584 34.671 101.092 0 P 0
L 34.671 100.584 34.925 100.584 0 P 0
L 34.671 101.092 34.925 101.092 0 P 0
L 34.925 100.33 34.925 100.584 0 P 0
L 34.925 100.33 35.433 100.33 0 P 0
L 34.925 101.092 34.925 101.346 0 P 0
L 34.925 101.346 35.433 101.346 0 P 0
L 35.306 106.934 35.306 107.442 0 P 0
L 35.306 106.934 35.56 106.934 0 P 0
L 35.306 107.442 35.56 107.442 0 P 0
L 35.433 100.33 35.433 100.584 0 P 0
L 35.433 100.584 35.687 100.584 0 P 0
L 35.433 101.092 35.433 101.346 0 P 0
L 35.433 101.092 35.687 101.092 0 P 0
L 35.56 106.68 35.56 106.934 0 P 0
L 35.56 106.68 36.068 106.68 0 P 0
L 35.56 107.442 35.56 107.696 0 P 0
L 35.56 107.696 36.068 107.696 0 P 0
L 35.687 100.584 35.687 101.092 0 P 0
L 36.068 106.68 36.068 106.934 0 P 0
L 36.068 106.934 36.322 106.934 0 P 0
L 36.068 107.442 36.068 107.696 0 P 0
L 36.068 107.442 36.322 107.442 0 P 0
L 36.322 106.934 36.322 107.442 0 P 0
L 36.449 114.173 36.449 114.681 0 P 0
L 36.449 114.173 36.703 114.173 0 P 0
L 36.449 114.681 36.703 114.681 0 P 0
L 36.703 113.919 36.703 114.173 0 P 0
L 36.703 113.919 37.211 113.919 0 P 0
L 36.703 114.681 36.703 114.935 0 P 0
L 36.703 114.935 37.211 114.935 0 P 0
L 37.211 113.919 37.211 114.173 0 P 0
L 37.211 114.173 37.465 114.173 0 P 0
L 37.211 114.681 37.211 114.935 0 P 0
L 37.211 114.681 37.465 114.681 0 P 0
L 37.465 114.173 37.465 114.681 0 P 0
L 38.608 94.234 38.608 94.742 0 P 0
L 38.608 94.234 38.862 94.234 0 P 0
L 38.608 94.742 38.862 94.742 0 P 0
L 38.862 93.98 38.862 94.234 0 P 0
L 38.862 93.98 39.37 93.98 0 P 0
L 38.862 94.742 38.862 94.996 0 P 0
L 38.862 94.996 39.37 94.996 0 P 0
L 38.989 108.27599884 39.243 108.78399884 0 P 0
L 38.989 108.27599884 39.497 108.52999884 0 P 0
L 38.989 109.29199884 39.243 108.78399884 0 P 0
L 38.989 109.29199884 39.497 109.03799884 0 P 0
L 38.989 112.776 39.243 113.284 0 P 0
L 38.989 112.776 39.497 113.03 0 P 0
L 38.989 113.792 39.243 113.284 0 P 0
L 38.989 113.792 39.497 113.538 0 P 0
L 39.37 93.98 39.37 94.234 0 P 0
L 39.37 94.234 39.624 94.234 0 P 0
L 39.37 94.742 39.37 94.996 0 P 0
L 39.37 94.742 39.624 94.742 0 P 0
L 39.497 108.52999884 40.005 108.27599884 0 P 0
L 39.497 109.03799884 40.005 109.29199884 0 P 0
L 39.497 113.03 40.005 112.776 0 P 0
L 39.497 113.538 40.005 113.792 0 P 0
L 39.624 94.234 39.624 94.742 0 P 0
L 39.751 108.78399884 40.005 108.27599884 0 P 0
L 39.751 108.78399884 40.005 109.29199884 0 P 0
L 39.751 113.284 40.005 112.776 0 P 0
L 39.751 113.284 40.005 113.792 0 P 0
L 42.164 86.106 42.164 86.614 0 P 0
L 42.164 86.106 42.418 86.106 0 P 0
L 42.164 86.614 42.418 86.614 0 P 0
L 42.418 85.852 42.418 86.106 0 P 0
L 42.418 85.852 42.926 85.852 0 P 0
L 42.418 86.614 42.418 86.868 0 P 0
L 42.418 86.868 42.926 86.868 0 P 0
L 42.926 85.852 42.926 86.106 0 P 0
L 42.926 86.106 43.18 86.106 0 P 0
L 42.926 86.614 42.926 86.868 0 P 0
L 42.926 86.614 43.18 86.614 0 P 0
L 43.18 86.106 43.18 86.614 0 P 0
L 45.4889997 108.27599884 45.7429997 108.78399884 0 P 0
L 45.4889997 108.27599884 45.9969997 108.52999884 0 P 0
L 45.4889997 109.29199884 45.7429997 108.78399884 0 P 0
L 45.4889997 109.29199884 45.9969997 109.03799884 0 P 0
L 45.4889997 112.776 45.7429997 113.284 0 P 0
L 45.4889997 112.776 45.9969997 113.03 0 P 0
L 45.4889997 113.792 45.7429997 113.284 0 P 0
L 45.4889997 113.792 45.9969997 113.538 0 P 0
L 45.9969997 108.52999884 46.5049997 108.27599884 0 P 0
L 45.9969997 109.03799884 46.5049997 109.29199884 0 P 0
L 45.9969997 113.03 46.5049997 112.776 0 P 0
L 45.9969997 113.538 46.5049997 113.792 0 P 0
L 46.2509997 108.78399884 46.5049997 108.27599884 0 P 0
L 46.2509997 108.78399884 46.5049997 109.29199884 0 P 0
L 46.2509997 113.284 46.5049997 112.776 0 P 0
L 46.2509997 113.284 46.5049997 113.792 0 P 0
L 46.482 94.996 46.482 95.504 0 P 0
L 46.482 94.996 46.736 94.996 0 P 0
L 46.482 95.504 46.736 95.504 0 P 0
L 46.736 94.742 46.736 94.996 0 P 0
L 46.736 94.742 47.244 94.742 0 P 0
L 46.736 95.504 46.736 95.758 0 P 0
L 46.736 95.758 47.244 95.758 0 P 0
L 46.99 102.235 46.99 102.743 0 P 0
L 46.99 102.235 47.244 102.235 0 P 0
L 46.99 102.743 47.244 102.743 0 P 0
L 47.244 94.742 47.244 94.996 0 P 0
L 47.244 94.996 47.498 94.996 0 P 0
L 47.244 95.504 47.244 95.758 0 P 0
L 47.244 95.504 47.498 95.504 0 P 0
L 47.244 101.981 47.244 102.235 0 P 0
L 47.244 101.981 47.752 101.981 0 P 0
L 47.244 102.743 47.244 102.997 0 P 0
L 47.244 102.997 47.752 102.997 0 P 0
L 47.498 94.996 47.498 95.504 0 P 0
L 47.752 101.981 47.752 102.235 0 P 0
L 47.752 102.235 48.006 102.235 0 P 0
L 47.752 102.743 47.752 102.997 0 P 0
L 47.752 102.743 48.006 102.743 0 P 0
L 48.006 102.235 48.006 102.743 0 P 0
L 48.006 114.046 48.006 114.554 0 P 0
L 48.006 114.046 48.26 114.046 0 P 0
L 48.006 114.554 48.26 114.554 0 P 0
L 48.26 113.792 48.26 114.046 0 P 0
L 48.26 113.792 48.768 113.792 0 P 0
L 48.26 114.554 48.26 114.808 0 P 0
L 48.26 114.808 48.768 114.808 0 P 0
L 48.768 113.792 48.768 114.046 0 P 0
L 48.768 114.046 49.022 114.046 0 P 0
L 48.768 114.554 48.768 114.808 0 P 0
L 48.768 114.554 49.022 114.554 0 P 0
L 49.022 114.046 49.022 114.554 0 P 0
L 49.53 102.362 49.53 102.87 0 P 0
L 49.53 102.362 49.784 102.362 0 P 0
L 49.53 102.87 49.784 102.87 0 P 0
L 49.657 93.472 49.657 93.98 0 P 0
L 49.657 93.472 49.911 93.472 0 P 0
L 49.657 93.98 49.911 93.98 0 P 0
L 49.784 102.108 49.784 102.362 0 P 0
L 49.784 102.108 50.292 102.108 0 P 0
L 49.784 102.87 49.784 103.124 0 P 0
L 49.784 103.124 50.292 103.124 0 P 0
L 49.911 93.218 49.911 93.472 0 P 0
L 49.911 93.218 50.419 93.218 0 P 0
L 49.911 93.98 49.911 94.234 0 P 0
L 49.911 94.234 50.419 94.234 0 P 0
L 50.292 102.108 50.292 102.362 0 P 0
L 50.292 102.362 50.546 102.362 0 P 0
L 50.292 102.87 50.292 103.124 0 P 0
L 50.292 102.87 50.546 102.87 0 P 0
L 50.419 93.218 50.419 93.472 0 P 0
L 50.419 93.472 50.673 93.472 0 P 0
L 50.419 93.98 50.419 94.234 0 P 0
L 50.419 93.98 50.673 93.98 0 P 0
L 50.546 102.362 50.546 102.87 0 P 0
L 50.673 93.472 50.673 93.98 0 P 0
L 51.308 96.139 51.308 96.647 0 P 0
L 51.308 96.139 51.562 96.139 0 P 0
L 51.308 96.647 51.562 96.647 0 P 0
L 51.308 102.362 51.308 102.87 0 P 0
L 51.308 102.362 51.562 102.362 0 P 0
L 51.308 102.87 51.562 102.87 0 P 0
L 51.562 95.885 51.562 96.139 0 P 0
L 51.562 95.885 52.07 95.885 0 P 0
L 51.562 96.647 51.562 96.901 0 P 0
L 51.562 96.901 52.07 96.901 0 P 0
L 51.562 102.108 51.562 102.362 0 P 0
L 51.562 102.108 52.07 102.108 0 P 0
L 51.562 102.87 51.562 103.124 0 P 0
L 51.562 103.124 52.07 103.124 0 P 0
L 52.07 95.885 52.07 96.139 0 P 0
L 52.07 96.139 52.324 96.139 0 P 0
L 52.07 96.647 52.07 96.901 0 P 0
L 52.07 96.647 52.324 96.647 0 P 0
L 52.07 102.108 52.07 102.362 0 P 0
L 52.07 102.362 52.324 102.362 0 P 0
L 52.07 102.87 52.07 103.124 0 P 0
L 52.07 102.87 52.324 102.87 0 P 0
L 52.07 107.442 52.07 107.95 0 P 0
L 52.07 107.442 52.324 107.442 0 P 0
L 52.07 107.95 52.324 107.95 0 P 0
L 52.324 96.139 52.324 96.647 0 P 0
L 52.324 102.362 52.324 102.87 0 P 0
L 52.324 107.188 52.324 107.442 0 P 0
L 52.324 107.188 52.832 107.188 0 P 0
L 52.324 107.95 52.324 108.204 0 P 0
L 52.324 108.204 52.832 108.204 0 P 0
L 52.832 107.188 52.832 107.442 0 P 0
L 52.832 107.442 53.086 107.442 0 P 0
L 52.832 107.95 52.832 108.204 0 P 0
L 52.832 107.95 53.086 107.95 0 P 0
L 53.086 96.139 53.086 96.647 0 P 0
L 53.086 96.139 53.34 96.139 0 P 0
L 53.086 96.647 53.34 96.647 0 P 0
L 53.086 107.442 53.086 107.95 0 P 0
L 53.34 95.885 53.34 96.139 0 P 0
L 53.34 95.885 53.848 95.885 0 P 0
L 53.34 96.647 53.34 96.901 0 P 0
L 53.34 96.901 53.848 96.901 0 P 0
L 53.848 95.885 53.848 96.139 0 P 0
L 53.848 96.139 54.102 96.139 0 P 0
L 53.848 96.647 53.848 96.901 0 P 0
L 53.848 96.647 54.102 96.647 0 P 0
L 54.102 96.139 54.102 96.647 0 P 0
L 54.37684832 102.3202932 54.37684832 102.8282932 0 P 0
L 54.37684832 102.3202932 54.63084832 102.3202932 0 P 0
L 54.37684832 102.8282932 54.63084832 102.8282932 0 P 0
L 54.63084832 102.0662932 54.63084832 102.3202932 0 P 0
L 54.63084832 102.0662932 55.13884832 102.0662932 0 P 0
L 54.63084832 102.8282932 54.63084832 103.0822932 0 P 0
L 54.63084832 103.0822932 55.13884832 103.0822932 0 P 0
L 55.13884832 102.0662932 55.13884832 102.3202932 0 P 0
L 55.13884832 102.3202932 55.39284832 102.3202932 0 P 0
L 55.13884832 102.8282932 55.13884832 103.0822932 0 P 0
L 55.13884832 102.8282932 55.39284832 102.8282932 0 P 0
L 55.39284832 102.3202932 55.39284832 102.8282932 0 P 0
L 57.531 84.074 57.785 84.074 0 P 0
L 57.531 84.074 57.785 84.328 0 P 0
L 57.531 84.582 57.785 84.328 0 P 0
L 57.531 84.582 57.785 84.582 0 P 0
L 57.531 106.0704 57.785 106.0704 0 P 0
L 57.531 106.0704 57.785 106.3244 0 P 0
L 57.531 106.5784 57.785 106.3244 0 P 0
L 57.531 106.5784 57.785 106.5784 0 P 0
L 57.785 84.074 58.039 83.82 0 P 0
L 57.785 84.582 58.039 84.836 0 P 0
L 57.785 106.0704 58.039 105.8164 0 P 0
L 57.785 106.5784 58.039 106.8324 0 P 0
L 58.039 83.82 58.293 84.074 0 P 0
L 58.039 84.836 58.293 84.582 0 P 0
L 58.039 105.8164 58.293 106.0704 0 P 0
L 58.039 106.8324 58.293 106.5784 0 P 0
L 58.293 84.074 58.547 84.074 0 P 0
L 58.293 84.328 58.547 84.074 0 P 0
L 58.293 84.328 58.547 84.582 0 P 0
L 58.293 84.582 58.547 84.582 0 P 0
L 58.293 106.0704 58.547 106.0704 0 P 0
L 58.293 106.3244 58.547 106.0704 0 P 0
L 58.293 106.3244 58.547 106.5784 0 P 0
L 58.293 106.5784 58.547 106.5784 0 P 0
L 59.5376 84.074 59.7916 84.074 0 P 0
L 59.5376 84.074 59.7916 84.328 0 P 0
L 59.5376 84.582 59.7916 84.328 0 P 0
L 59.5376 84.582 59.7916 84.582 0 P 0
L 59.5376 106.0704 59.7916 106.0704 0 P 0
L 59.5376 106.0704 59.7916 106.3244 0 P 0
L 59.5376 106.5784 59.7916 106.3244 0 P 0
L 59.5376 106.5784 59.7916 106.5784 0 P 0
L 59.7916 84.074 60.0456 83.82 0 P 0
L 59.7916 84.582 60.0456 84.836 0 P 0
L 59.7916 106.0704 60.0456 105.8164 0 P 0
L 59.7916 106.5784 60.0456 106.8324 0 P 0
L 60.0456 83.82 60.2996 84.074 0 P 0
L 60.0456 84.836 60.2996 84.582 0 P 0
L 60.0456 105.8164 60.2996 106.0704 0 P 0
L 60.0456 106.8324 60.2996 106.5784 0 P 0
L 60.2996 84.074 60.5536 84.074 0 P 0
L 60.2996 84.328 60.5536 84.074 0 P 0
L 60.2996 84.328 60.5536 84.582 0 P 0
L 60.2996 84.582 60.5536 84.582 0 P 0
L 60.2996 106.0704 60.5536 106.0704 0 P 0
L 60.2996 106.3244 60.5536 106.0704 0 P 0
L 60.2996 106.3244 60.5536 106.5784 0 P 0
L 60.2996 106.5784 60.5536 106.5784 0 P 0
L 61.5442 84.074 61.7982 84.074 0 P 0
L 61.5442 84.074 61.7982 84.328 0 P 0
L 61.5442 84.582 61.7982 84.328 0 P 0
L 61.5442 84.582 61.7982 84.582 0 P 0
L 61.5442 106.0704 61.7982 106.0704 0 P 0
L 61.5442 106.0704 61.7982 106.3244 0 P 0
L 61.5442 106.5784 61.7982 106.3244 0 P 0
L 61.5442 106.5784 61.7982 106.5784 0 P 0
L 61.7982 84.074 62.0522 83.82 0 P 0
L 61.7982 84.582 62.0522 84.836 0 P 0
L 61.7982 106.0704 62.0522 105.8164 0 P 0
L 61.7982 106.5784 62.0522 106.8324 0 P 0
L 62.0522 83.82 62.3062 84.074 0 P 0
L 62.0522 84.836 62.3062 84.582 0 P 0
L 62.0522 105.8164 62.3062 106.0704 0 P 0
L 62.0522 106.8324 62.3062 106.5784 0 P 0
L 62.3062 84.074 62.5602 84.074 0 P 0
L 62.3062 84.328 62.5602 84.074 0 P 0
L 62.3062 84.328 62.5602 84.582 0 P 0
L 62.3062 84.582 62.5602 84.582 0 P 0
L 62.3062 106.0704 62.5602 106.0704 0 P 0
L 62.3062 106.3244 62.5602 106.0704 0 P 0
L 62.3062 106.3244 62.5602 106.5784 0 P 0
L 62.3062 106.5784 62.5602 106.5784 0 P 0
L 62.611 92.71 62.611 93.218 0 P 0
L 62.611 92.71 62.865 92.71 0 P 0
L 62.611 93.218 62.865 93.218 0 P 0
L 62.738 90.043 62.738 90.551 0 P 0
L 62.738 90.043 62.992 90.043 0 P 0
L 62.738 90.551 62.992 90.551 0 P 0
L 62.865 92.456 62.865 92.71 0 P 0
L 62.865 92.456 63.373 92.456 0 P 0
L 62.865 93.218 62.865 93.472 0 P 0
L 62.865 93.472 63.373 93.472 0 P 0
L 62.992 89.789 62.992 90.043 0 P 0
L 62.992 89.789 63.5 89.789 0 P 0
L 62.992 90.551 62.992 90.805 0 P 0
L 62.992 90.805 63.5 90.805 0 P 0
L 63.373 92.456 63.373 92.71 0 P 0
L 63.373 92.71 63.627 92.71 0 P 0
L 63.373 93.218 63.373 93.472 0 P 0
L 63.373 93.218 63.627 93.218 0 P 0
L 63.5 89.789 63.5 90.043 0 P 0
L 63.5 90.043 63.754 90.043 0 P 0
L 63.5 90.551 63.5 90.805 0 P 0
L 63.5 90.551 63.754 90.551 0 P 0
L 63.5508 84.074 63.8048 84.074 0 P 0
L 63.5508 84.074 63.8048 84.328 0 P 0
L 63.5508 84.582 63.8048 84.328 0 P 0
L 63.5508 84.582 63.8048 84.582 0 P 0
L 63.5508 106.0704 63.8048 106.0704 0 P 0
L 63.5508 106.0704 63.8048 106.3244 0 P 0
L 63.5508 106.5784 63.8048 106.3244 0 P 0
L 63.5508 106.5784 63.8048 106.5784 0 P 0
L 63.627 92.71 63.627 93.218 0 P 0
L 63.754 90.043 63.754 90.551 0 P 0
L 63.8048 84.074 64.0588 83.82 0 P 0
L 63.8048 84.582 64.0588 84.836 0 P 0
L 63.8048 106.0704 64.0588 105.8164 0 P 0
L 63.8048 106.5784 64.0588 106.8324 0 P 0
L 64.0588 83.82 64.3128 84.074 0 P 0
L 64.0588 84.836 64.3128 84.582 0 P 0
L 64.0588 105.8164 64.3128 106.0704 0 P 0
L 64.0588 106.8324 64.3128 106.5784 0 P 0
L 64.3128 84.074 64.5668 84.074 0 P 0
L 64.3128 84.328 64.5668 84.074 0 P 0
L 64.3128 84.328 64.5668 84.582 0 P 0
L 64.3128 84.582 64.5668 84.582 0 P 0
L 64.3128 106.0704 64.5668 106.0704 0 P 0
L 64.3128 106.3244 64.5668 106.0704 0 P 0
L 64.3128 106.3244 64.5668 106.5784 0 P 0
L 64.3128 106.5784 64.5668 106.5784 0 P 0
L 65.5574 84.074 65.8114 84.074 0 P 0
L 65.5574 84.074 65.8114 84.328 0 P 0
L 65.5574 84.582 65.8114 84.328 0 P 0
L 65.5574 84.582 65.8114 84.582 0 P 0
L 65.5574 106.0704 65.8114 106.0704 0 P 0
L 65.5574 106.0704 65.8114 106.3244 0 P 0
L 65.5574 106.5784 65.8114 106.3244 0 P 0
L 65.5574 106.5784 65.8114 106.5784 0 P 0
L 65.8114 84.074 66.0654 83.82 0 P 0
L 65.8114 84.582 66.0654 84.836 0 P 0
L 65.8114 106.0704 66.0654 105.8164 0 P 0
L 65.8114 106.5784 66.0654 106.8324 0 P 0
L 66.0654 83.82 66.3194 84.074 0 P 0
L 66.0654 84.836 66.3194 84.582 0 P 0
L 66.0654 105.8164 66.3194 106.0704 0 P 0
L 66.0654 106.8324 66.3194 106.5784 0 P 0
L 66.3194 84.074 66.5734 84.074 0 P 0
L 66.3194 84.328 66.5734 84.074 0 P 0
L 66.3194 84.328 66.5734 84.582 0 P 0
L 66.3194 84.582 66.5734 84.582 0 P 0
L 66.3194 106.0704 66.5734 106.0704 0 P 0
L 66.3194 106.3244 66.5734 106.0704 0 P 0
L 66.3194 106.3244 66.5734 106.5784 0 P 0
L 66.3194 106.5784 66.5734 106.5784 0 P 0
L 67.564 84.074 67.818 84.074 0 P 0
L 67.564 84.074 67.818 84.328 0 P 0
L 67.564 84.582 67.818 84.328 0 P 0
L 67.564 84.582 67.818 84.582 0 P 0
L 67.564 106.0704 67.818 106.0704 0 P 0
L 67.564 106.0704 67.818 106.3244 0 P 0
L 67.564 106.5784 67.818 106.3244 0 P 0
L 67.564 106.5784 67.818 106.5784 0 P 0
L 67.818 84.074 68.072 83.82 0 P 0
L 67.818 84.582 68.072 84.836 0 P 0
L 67.818 106.0704 68.072 105.8164 0 P 0
L 67.818 106.5784 68.072 106.8324 0 P 0
L 68.072 83.82 68.326 84.074 0 P 0
L 68.072 84.836 68.326 84.582 0 P 0
L 68.072 105.8164 68.326 106.0704 0 P 0
L 68.072 106.8324 68.326 106.5784 0 P 0
L 68.326 84.074 68.58 84.074 0 P 0
L 68.326 84.328 68.58 84.074 0 P 0
L 68.326 84.328 68.58 84.582 0 P 0
L 68.326 84.582 68.58 84.582 0 P 0
L 68.326 106.0704 68.58 106.0704 0 P 0
L 68.326 106.3244 68.58 106.0704 0 P 0
L 68.326 106.3244 68.58 106.5784 0 P 0
L 68.326 106.5784 68.58 106.5784 0 P 0
L 69.5706 84.074 69.8246 84.074 0 P 0
L 69.5706 84.074 69.8246 84.328 0 P 0
L 69.5706 84.582 69.8246 84.328 0 P 0
L 69.5706 84.582 69.8246 84.582 0 P 0
L 69.5706 106.0704 69.8246 106.0704 0 P 0
L 69.5706 106.0704 69.8246 106.3244 0 P 0
L 69.5706 106.5784 69.8246 106.3244 0 P 0
L 69.5706 106.5784 69.8246 106.5784 0 P 0
L 69.8246 84.074 70.0786 83.82 0 P 0
L 69.8246 84.582 70.0786 84.836 0 P 0
L 69.8246 106.0704 70.0786 105.8164 0 P 0
L 69.8246 106.5784 70.0786 106.8324 0 P 0
L 70.0786 83.82 70.3326 84.074 0 P 0
L 70.0786 84.836 70.3326 84.582 0 P 0
L 70.0786 105.8164 70.3326 106.0704 0 P 0
L 70.0786 106.8324 70.3326 106.5784 0 P 0
L 70.3326 84.074 70.5866 84.074 0 P 0
L 70.3326 84.328 70.5866 84.074 0 P 0
L 70.3326 84.328 70.5866 84.582 0 P 0
L 70.3326 84.582 70.5866 84.582 0 P 0
L 70.3326 106.0704 70.5866 106.0704 0 P 0
L 70.3326 106.3244 70.5866 106.0704 0 P 0
L 70.3326 106.3244 70.5866 106.5784 0 P 0
L 70.3326 106.5784 70.5866 106.5784 0 P 0
L 71.5772 84.074 71.8312 84.074 0 P 0
L 71.5772 84.074 71.8312 84.328 0 P 0
L 71.5772 84.582 71.8312 84.328 0 P 0
L 71.5772 84.582 71.8312 84.582 0 P 0
L 71.5772 106.0704 71.8312 106.0704 0 P 0
L 71.5772 106.0704 71.8312 106.3244 0 P 0
L 71.5772 106.5784 71.8312 106.3244 0 P 0
L 71.5772 106.5784 71.8312 106.5784 0 P 0
L 71.8312 84.074 72.0852 83.82 0 P 0
L 71.8312 84.582 72.0852 84.836 0 P 0
L 71.8312 106.0704 72.0852 105.8164 0 P 0
L 71.8312 106.5784 72.0852 106.8324 0 P 0
L 72.0852 83.82 72.3392 84.074 0 P 0
L 72.0852 84.836 72.3392 84.582 0 P 0
L 72.0852 105.8164 72.3392 106.0704 0 P 0
L 72.0852 106.8324 72.3392 106.5784 0 P 0
L 72.3392 84.074 72.5932 84.074 0 P 0
L 72.3392 84.328 72.5932 84.074 0 P 0
L 72.3392 84.328 72.5932 84.582 0 P 0
L 72.3392 84.582 72.5932 84.582 0 P 0
L 72.3392 106.0704 72.5932 106.0704 0 P 0
L 72.3392 106.3244 72.5932 106.0704 0 P 0
L 72.3392 106.3244 72.5932 106.5784 0 P 0
L 72.3392 106.5784 72.5932 106.5784 0 P 0
L 73.5838 84.074 73.8378 84.074 0 P 0
L 73.5838 84.074 73.8378 84.328 0 P 0
L 73.5838 84.582 73.8378 84.328 0 P 0
L 73.5838 84.582 73.8378 84.582 0 P 0
L 73.5838 106.0704 73.8378 106.0704 0 P 0
L 73.5838 106.0704 73.8378 106.3244 0 P 0
L 73.5838 106.5784 73.8378 106.3244 0 P 0
L 73.5838 106.5784 73.8378 106.5784 0 P 0
L 73.8378 84.074 74.0918 83.82 0 P 0
L 73.8378 84.582 74.0918 84.836 0 P 0
L 73.8378 106.0704 74.0918 105.8164 0 P 0
L 73.8378 106.5784 74.0918 106.8324 0 P 0
L 74.0918 83.82 74.3458 84.074 0 P 0
L 74.0918 84.836 74.3458 84.582 0 P 0
L 74.0918 105.8164 74.3458 106.0704 0 P 0
L 74.0918 106.8324 74.3458 106.5784 0 P 0
L 74.3458 84.074 74.5998 84.074 0 P 0
L 74.3458 84.328 74.5998 84.074 0 P 0
L 74.3458 84.328 74.5998 84.582 0 P 0
L 74.3458 84.582 74.5998 84.582 0 P 0
L 74.3458 106.0704 74.5998 106.0704 0 P 0
L 74.3458 106.3244 74.5998 106.0704 0 P 0
L 74.3458 106.3244 74.5998 106.5784 0 P 0
L 74.3458 106.5784 74.5998 106.5784 0 P 0
L 75.5904 84.074 75.8444 84.074 0 P 0
L 75.5904 84.074 75.8444 84.328 0 P 0
L 75.5904 84.582 75.8444 84.328 0 P 0
L 75.5904 84.582 75.8444 84.582 0 P 0
L 75.5904 106.0704 75.8444 106.0704 0 P 0
L 75.5904 106.0704 75.8444 106.3244 0 P 0
L 75.5904 106.5784 75.8444 106.3244 0 P 0
L 75.5904 106.5784 75.8444 106.5784 0 P 0
L 75.8444 84.074 76.0984 83.82 0 P 0
L 75.8444 84.582 76.0984 84.836 0 P 0
L 75.8444 106.0704 76.0984 105.8164 0 P 0
L 75.8444 106.5784 76.0984 106.8324 0 P 0
L 76.0984 83.82 76.3524 84.074 0 P 0
L 76.0984 84.836 76.3524 84.582 0 P 0
L 76.0984 105.8164 76.3524 106.0704 0 P 0
L 76.0984 106.8324 76.3524 106.5784 0 P 0
L 76.3524 84.074 76.6064 84.074 0 P 0
L 76.3524 84.328 76.6064 84.074 0 P 0
L 76.3524 84.328 76.6064 84.582 0 P 0
L 76.3524 84.582 76.6064 84.582 0 P 0
L 76.3524 106.0704 76.6064 106.0704 0 P 0
L 76.3524 106.3244 76.6064 106.0704 0 P 0
L 76.3524 106.3244 76.6064 106.5784 0 P 0
L 76.3524 106.5784 76.6064 106.5784 0 P 0
