UNITS=MM
#Layer_Color=6321
#
#Feature symbol names
#
$0 r127

#
#Feature attribute names
#

#
#Layer features
#
L 27.99199888 27.99199888 27.99199888 29.00799888 0 P 0
L 27.99199888 27.99199888 29.00799888 27.99199888 0 P 0
L 27.99199888 29.00799888 29.00799888 29.00799888 0 P 0
L 27.99199888 101.4919992 27.99199888 102.5079992 0 P 0
L 27.99199888 101.4919992 29.00799888 101.4919992 0 P 0
L 27.99199888 102.5079992 29.00799888 102.5079992 0 P 0
L 28.19519888 28.19519888 28.19519888 28.80479888 0 P 0
L 28.19519888 28.19519888 28.80479888 28.19519888 0 P 0
L 28.19519888 28.80479888 28.80479888 28.80479888 0 P 0
L 28.19519888 101.6951992 28.19519888 102.3047992 0 P 0
L 28.19519888 101.6951992 28.80479888 101.6951992 0 P 0
L 28.19519888 102.3047992 28.80479888 102.3047992 0 P 0
L 28.80479888 28.19519888 28.80479888 28.80479888 0 P 0
L 28.80479888 101.6951992 28.80479888 102.3047992 0 P 0
L 29.00799888 27.99199888 29.00799888 29.00799888 0 P 0
L 29.00799888 101.4919992 29.00799888 102.5079992 0 P 0
L 29.19490732 96.6827632 29.70290732 95.6667632 0 P 0
L 29.19490732 96.6827632 30.21090732 96.6827632 0 P 0
L 29.70290732 95.6667632 30.21090732 96.6827632 0 P 0
L 34.14790732 96.6827632 34.65590732 95.6667632 0 P 0
L 34.14790732 96.6827632 35.16390732 96.6827632 0 P 0
L 34.65590732 95.6667632 35.16390732 96.6827632 0 P 0
L 35.306 42.291 35.814 41.783 0 P 0
L 35.306 42.291 35.814 42.799 0 P 0
L 35.306 86.9909995 35.814 86.4829995 0 P 0
L 35.306 86.9909995 35.814 87.4989995 0 P 0
L 35.814 41.783 36.322 42.291 0 P 0
L 35.814 42.799 36.322 42.291 0 P 0
L 35.814 86.4829995 36.322 86.9909995 0 P 0
L 35.814 87.4989995 36.322 86.9909995 0 P 0
L 42.926 46.482 42.926 46.736 0 P 0
L 42.926 46.482 43.18 46.482 0 P 0
L 42.926 46.736 43.18 46.99 0 P 0
L 42.926 47.244 42.926 47.498 0 P 0
L 42.926 47.244 43.18 46.99 0 P 0
L 42.926 47.498 43.18 47.498 0 P 0
L 42.926 49.53 42.926 49.784 0 P 0
L 42.926 49.53 43.18 49.53 0 P 0
L 42.926 49.784 43.18 50.038 0 P 0
L 42.926 50.292 42.926 50.546 0 P 0
L 42.926 50.292 43.18 50.038 0 P 0
L 42.926 50.546 43.18 50.546 0 P 0
L 42.926 77.089 42.926 77.343 0 P 0
L 42.926 77.089 43.18 77.089 0 P 0
L 42.926 77.343 43.18 77.597 0 P 0
L 42.926 77.851 42.926 78.105 0 P 0
L 42.926 77.851 43.18 77.597 0 P 0
L 42.926 78.105 43.18 78.105 0 P 0
L 42.926 80.137 42.926 80.391 0 P 0
L 42.926 80.137 43.18 80.137 0 P 0
L 42.926 80.391 43.18 80.645 0 P 0
L 42.926 80.899 42.926 81.153 0 P 0
L 42.926 80.899 43.18 80.645 0 P 0
L 42.926 81.153 43.18 81.153 0 P 0
L 43.18 46.482 43.434 46.736 0 P 0
L 43.18 47.498 43.434 47.244 0 P 0
L 43.18 49.53 43.434 49.784 0 P 0
L 43.18 50.546 43.434 50.292 0 P 0
L 43.18 77.089 43.434 77.343 0 P 0
L 43.18 78.105 43.434 77.851 0 P 0
L 43.18 80.137 43.434 80.391 0 P 0
L 43.18 81.153 43.434 80.899 0 P 0
L 43.434 46.736 43.688 46.482 0 P 0
L 43.434 47.244 43.688 47.498 0 P 0
L 43.434 49.784 43.688 49.53 0 P 0
L 43.434 50.292 43.688 50.546 0 P 0
L 43.434 77.343 43.688 77.089 0 P 0
L 43.434 77.851 43.688 78.105 0 P 0
L 43.434 80.391 43.688 80.137 0 P 0
L 43.434 80.899 43.688 81.153 0 P 0
L 43.688 46.482 43.942 46.482 0 P 0
L 43.688 46.99 43.942 46.736 0 P 0
L 43.688 46.99 43.942 47.244 0 P 0
L 43.688 47.498 43.942 47.498 0 P 0
L 43.688 49.53 43.942 49.53 0 P 0
L 43.688 50.038 43.942 49.784 0 P 0
L 43.688 50.038 43.942 50.292 0 P 0
L 43.688 50.546 43.942 50.546 0 P 0
L 43.688 77.089 43.942 77.089 0 P 0
L 43.688 77.597 43.942 77.343 0 P 0
L 43.688 77.597 43.942 77.851 0 P 0
L 43.688 78.105 43.942 78.105 0 P 0
L 43.688 80.137 43.942 80.137 0 P 0
L 43.688 80.645 43.942 80.391 0 P 0
L 43.688 80.645 43.942 80.899 0 P 0
L 43.688 81.153 43.942 81.153 0 P 0
L 43.942 46.482 43.942 46.736 0 P 0
L 43.942 47.244 43.942 47.498 0 P 0
L 43.942 49.53 43.942 49.784 0 P 0
L 43.942 50.292 43.942 50.546 0 P 0
L 43.942 77.089 43.942 77.343 0 P 0
L 43.942 77.851 43.942 78.105 0 P 0
L 43.942 80.137 43.942 80.391 0 P 0
L 43.942 80.899 43.942 81.153 0 P 0
L 50.673 42.291 51.181 41.783 0 P 0
L 50.673 42.291 51.181 42.799 0 P 0
L 50.673 86.9909995 51.181 86.4829995 0 P 0
L 50.673 86.9909995 51.181 87.4989995 0 P 0
L 51.181 41.783 51.689 42.291 0 P 0
L 51.181 42.799 51.689 42.291 0 P 0
L 51.181 86.4829995 51.689 86.9909995 0 P 0
L 51.181 87.4989995 51.689 86.9909995 0 P 0
L 60.833 60.198 60.833 60.706 0 P 0
L 60.833 60.198 61.087 60.198 0 P 0
L 60.833 60.706 61.087 60.706 0 P 0
L 60.833 61.468 60.833 61.976 0 P 0
L 60.833 61.468 61.087 61.468 0 P 0
L 60.833 61.976 61.087 61.976 0 P 0
L 61.087 59.944 61.087 60.198 0 P 0
L 61.087 59.944 61.595 59.944 0 P 0
L 61.087 60.706 61.087 60.96 0 P 0
L 61.087 60.96 61.595 60.96 0 P 0
L 61.087 61.214 61.087 61.468 0 P 0
L 61.087 61.214 61.595 61.214 0 P 0
L 61.087 61.976 61.087 62.23 0 P 0
L 61.087 62.23 61.595 62.23 0 P 0
L 61.595 59.944 61.595 60.198 0 P 0
L 61.595 60.198 61.849 60.198 0 P 0
L 61.595 60.706 61.595 60.96 0 P 0
L 61.595 60.706 61.849 60.706 0 P 0
L 61.595 61.214 61.595 61.468 0 P 0
L 61.595 61.468 61.849 61.468 0 P 0
L 61.595 61.976 61.595 62.23 0 P 0
L 61.595 61.976 61.849 61.976 0 P 0
L 61.849 60.198 61.849 60.706 0 P 0
L 61.849 61.468 61.849 61.976 0 P 0
L 62.103 60.198 62.103 60.706 0 P 0
L 62.103 60.198 62.357 60.198 0 P 0
L 62.103 60.706 62.357 60.706 0 P 0
L 62.103 61.468 62.103 61.976 0 P 0
L 62.103 61.468 62.357 61.468 0 P 0
L 62.103 61.976 62.357 61.976 0 P 0
L 62.357 59.944 62.357 60.198 0 P 0
L 62.357 59.944 62.865 59.944 0 P 0
L 62.357 60.706 62.357 60.96 0 P 0
L 62.357 60.96 62.865 60.96 0 P 0
L 62.357 61.214 62.357 61.468 0 P 0
L 62.357 61.214 62.865 61.214 0 P 0
L 62.357 61.976 62.357 62.23 0 P 0
L 62.357 62.23 62.865 62.23 0 P 0
L 62.865 59.944 62.865 60.198 0 P 0
L 62.865 60.198 63.119 60.198 0 P 0
L 62.865 60.706 62.865 60.96 0 P 0
L 62.865 60.706 63.119 60.706 0 P 0
L 62.865 61.214 62.865 61.468 0 P 0
L 62.865 61.468 63.119 61.468 0 P 0
L 62.865 61.976 62.865 62.23 0 P 0
L 62.865 61.976 63.119 61.976 0 P 0
L 63.119 60.198 63.119 60.706 0 P 0
L 63.119 61.468 63.119 61.976 0 P 0
L 76.835 76.962 77.343 75.946 0 P 0
L 76.835 76.962 77.851 76.962 0 P 0
L 77.343 75.946 77.851 76.962 0 P 0
L 77.724 43.44199846 78.232 42.42599846 0 P 0
L 77.724 43.44199846 78.74 43.44199846 0 P 0
L 78.232 42.42599846 78.74 43.44199846 0 P 0
L 80.3656 57.023 80.6196 57.023 0 P 0
L 80.3656 57.023 80.6196 57.277 0 P 0
L 80.3656 57.531 80.6196 57.277 0 P 0
L 80.3656 57.531 80.6196 57.531 0 P 0
L 80.3656 59.0296 80.6196 59.0296 0 P 0
L 80.3656 59.0296 80.6196 59.2836 0 P 0
L 80.3656 59.5376 80.6196 59.2836 0 P 0
L 80.3656 59.5376 80.6196 59.5376 0 P 0
L 80.3656 61.0362 80.6196 61.0362 0 P 0
L 80.3656 61.0362 80.6196 61.2902 0 P 0
L 80.3656 61.5442 80.6196 61.2902 0 P 0
L 80.3656 61.5442 80.6196 61.5442 0 P 0
L 80.3656 63.0428 80.6196 63.0428 0 P 0
L 80.3656 63.0428 80.6196 63.2968 0 P 0
L 80.3656 63.5508 80.6196 63.2968 0 P 0
L 80.3656 63.5508 80.6196 63.5508 0 P 0
L 80.3656 65.0494 80.6196 65.0494 0 P 0
L 80.3656 65.0494 80.6196 65.3034 0 P 0
L 80.3656 65.5574 80.6196 65.3034 0 P 0
L 80.3656 65.5574 80.6196 65.5574 0 P 0
L 80.3656 67.056 80.6196 67.056 0 P 0
L 80.3656 67.056 80.6196 67.31 0 P 0
L 80.3656 67.564 80.6196 67.31 0 P 0
L 80.3656 67.564 80.6196 67.564 0 P 0
L 80.3656 69.0626 80.6196 69.0626 0 P 0
L 80.3656 69.0626 80.6196 69.3166 0 P 0
L 80.3656 69.5706 80.6196 69.3166 0 P 0
L 80.3656 69.5706 80.6196 69.5706 0 P 0
L 80.3656 71.0692 80.6196 71.0692 0 P 0
L 80.3656 71.0692 80.6196 71.3232 0 P 0
L 80.3656 71.5772 80.6196 71.3232 0 P 0
L 80.3656 71.5772 80.6196 71.5772 0 P 0
L 80.3656 73.0758 80.6196 73.0758 0 P 0
L 80.3656 73.0758 80.6196 73.3298 0 P 0
L 80.3656 73.5838 80.6196 73.3298 0 P 0
L 80.3656 73.5838 80.6196 73.5838 0 P 0
L 80.3656 75.0824 80.6196 75.0824 0 P 0
L 80.3656 75.0824 80.6196 75.3364 0 P 0
L 80.3656 75.5904 80.6196 75.3364 0 P 0
L 80.3656 75.5904 80.6196 75.5904 0 P 0
L 80.6196 57.023 80.8736 56.769 0 P 0
L 80.6196 57.531 80.8736 57.785 0 P 0
L 80.6196 59.0296 80.8736 58.7756 0 P 0
L 80.6196 59.5376 80.8736 59.7916 0 P 0
L 80.6196 61.0362 80.8736 60.7822 0 P 0
L 80.6196 61.5442 80.8736 61.7982 0 P 0
L 80.6196 63.0428 80.8736 62.7888 0 P 0
L 80.6196 63.5508 80.8736 63.8048 0 P 0
L 80.6196 65.0494 80.8736 64.7954 0 P 0
L 80.6196 65.5574 80.8736 65.8114 0 P 0
L 80.6196 67.056 80.8736 66.802 0 P 0
L 80.6196 67.564 80.8736 67.818 0 P 0
L 80.6196 69.0626 80.8736 68.8086 0 P 0
L 80.6196 69.5706 80.8736 69.8246 0 P 0
L 80.6196 71.0692 80.8736 70.8152 0 P 0
L 80.6196 71.5772 80.8736 71.8312 0 P 0
L 80.6196 73.0758 80.8736 72.8218 0 P 0
L 80.6196 73.5838 80.8736 73.8378 0 P 0
L 80.6196 75.0824 80.8736 74.8284 0 P 0
L 80.6196 75.5904 80.8736 75.8444 0 P 0
L 80.8736 56.769 81.1276 57.023 0 P 0
L 80.8736 57.785 81.1276 57.531 0 P 0
L 80.8736 58.7756 81.1276 59.0296 0 P 0
L 80.8736 59.7916 81.1276 59.5376 0 P 0
L 80.8736 60.7822 81.1276 61.0362 0 P 0
L 80.8736 61.7982 81.1276 61.5442 0 P 0
L 80.8736 62.7888 81.1276 63.0428 0 P 0
L 80.8736 63.8048 81.1276 63.5508 0 P 0
L 80.8736 64.7954 81.1276 65.0494 0 P 0
L 80.8736 65.8114 81.1276 65.5574 0 P 0
L 80.8736 66.802 81.1276 67.056 0 P 0
L 80.8736 67.818 81.1276 67.564 0 P 0
L 80.8736 68.8086 81.1276 69.0626 0 P 0
L 80.8736 69.8246 81.1276 69.5706 0 P 0
L 80.8736 70.8152 81.1276 71.0692 0 P 0
L 80.8736 71.8312 81.1276 71.5772 0 P 0
L 80.8736 72.8218 81.1276 73.0758 0 P 0
L 80.8736 73.8378 81.1276 73.5838 0 P 0
L 80.8736 74.8284 81.1276 75.0824 0 P 0
L 80.8736 75.8444 81.1276 75.5904 0 P 0
L 81.1276 57.023 81.3816 57.023 0 P 0
L 81.1276 57.277 81.3816 57.023 0 P 0
L 81.1276 57.277 81.3816 57.531 0 P 0
L 81.1276 57.531 81.3816 57.531 0 P 0
L 81.1276 59.0296 81.3816 59.0296 0 P 0
L 81.1276 59.2836 81.3816 59.0296 0 P 0
L 81.1276 59.2836 81.3816 59.5376 0 P 0
L 81.1276 59.5376 81.3816 59.5376 0 P 0
L 81.1276 61.0362 81.3816 61.0362 0 P 0
L 81.1276 61.2902 81.3816 61.0362 0 P 0
L 81.1276 61.2902 81.3816 61.5442 0 P 0
L 81.1276 61.5442 81.3816 61.5442 0 P 0
L 81.1276 63.0428 81.3816 63.0428 0 P 0
L 81.1276 63.2968 81.3816 63.0428 0 P 0
L 81.1276 63.2968 81.3816 63.5508 0 P 0
L 81.1276 63.5508 81.3816 63.5508 0 P 0
L 81.1276 65.0494 81.3816 65.0494 0 P 0
L 81.1276 65.3034 81.3816 65.0494 0 P 0
L 81.1276 65.3034 81.3816 65.5574 0 P 0
L 81.1276 65.5574 81.3816 65.5574 0 P 0
L 81.1276 67.056 81.3816 67.056 0 P 0
L 81.1276 67.31 81.3816 67.056 0 P 0
L 81.1276 67.31 81.3816 67.564 0 P 0
L 81.1276 67.564 81.3816 67.564 0 P 0
L 81.1276 69.0626 81.3816 69.0626 0 P 0
L 81.1276 69.3166 81.3816 69.0626 0 P 0
L 81.1276 69.3166 81.3816 69.5706 0 P 0
L 81.1276 69.5706 81.3816 69.5706 0 P 0
L 81.1276 71.0692 81.3816 71.0692 0 P 0
L 81.1276 71.3232 81.3816 71.0692 0 P 0
L 81.1276 71.3232 81.3816 71.5772 0 P 0
L 81.1276 71.5772 81.3816 71.5772 0 P 0
L 81.1276 73.0758 81.3816 73.0758 0 P 0
L 81.1276 73.3298 81.3816 73.0758 0 P 0
L 81.1276 73.3298 81.3816 73.5838 0 P 0
L 81.1276 73.5838 81.3816 73.5838 0 P 0
L 81.1276 75.0824 81.3816 75.0824 0 P 0
L 81.1276 75.3364 81.3816 75.0824 0 P 0
L 81.1276 75.3364 81.3816 75.5904 0 P 0
L 81.1276 75.5904 81.3816 75.5904 0 P 0
L 81.534 43.44199846 82.042 42.42599846 0 P 0
L 81.534 43.44199846 82.55 43.44199846 0 P 0
L 82.042 42.42599846 82.55 43.44199846 0 P 0
L 100.9920002 27.99199888 100.9920002 29.00799888 0 P 0
L 100.9920002 27.99199888 102.0080002 27.99199888 0 P 0
L 100.9920002 29.00799888 102.0080002 29.00799888 0 P 0
L 100.9920002 101.4919992 100.9920002 102.5079992 0 P 0
L 100.9920002 101.4919992 102.0080002 101.4919992 0 P 0
L 100.9920002 102.5079992 102.0080002 102.5079992 0 P 0
L 101.1952002 28.19519888 101.1952002 28.80479888 0 P 0
L 101.1952002 28.19519888 101.8048002 28.19519888 0 P 0
L 101.1952002 28.80479888 101.8048002 28.80479888 0 P 0
L 101.1952002 101.6951992 101.1952002 102.3047992 0 P 0
L 101.1952002 101.6951992 101.8048002 101.6951992 0 P 0
L 101.1952002 102.3047992 101.8048002 102.3047992 0 P 0
L 101.8048002 28.19519888 101.8048002 28.80479888 0 P 0
L 101.8048002 101.6951992 101.8048002 102.3047992 0 P 0
L 102.0080002 27.99199888 102.0080002 29.00799888 0 P 0
L 102.0080002 101.4919992 102.0080002 102.5079992 0 P 0
L 102.362 57.023 102.616 57.023 0 P 0
L 102.362 57.023 102.616 57.277 0 P 0
L 102.362 57.531 102.616 57.277 0 P 0
L 102.362 57.531 102.616 57.531 0 P 0
L 102.362 59.0296 102.616 59.0296 0 P 0
L 102.362 59.0296 102.616 59.2836 0 P 0
L 102.362 59.5376 102.616 59.2836 0 P 0
L 102.362 59.5376 102.616 59.5376 0 P 0
L 102.362 61.0362 102.616 61.0362 0 P 0
L 102.362 61.0362 102.616 61.2902 0 P 0
L 102.362 61.5442 102.616 61.2902 0 P 0
L 102.362 61.5442 102.616 61.5442 0 P 0
L 102.362 63.0428 102.616 63.0428 0 P 0
L 102.362 63.0428 102.616 63.2968 0 P 0
L 102.362 63.5508 102.616 63.2968 0 P 0
L 102.362 63.5508 102.616 63.5508 0 P 0
L 102.362 65.0494 102.616 65.0494 0 P 0
L 102.362 65.0494 102.616 65.3034 0 P 0
L 102.362 65.5574 102.616 65.3034 0 P 0
L 102.362 65.5574 102.616 65.5574 0 P 0
L 102.362 67.056 102.616 67.056 0 P 0
L 102.362 67.056 102.616 67.31 0 P 0
L 102.362 67.564 102.616 67.31 0 P 0
L 102.362 67.564 102.616 67.564 0 P 0
L 102.362 69.0626 102.616 69.0626 0 P 0
L 102.362 69.0626 102.616 69.3166 0 P 0
L 102.362 69.5706 102.616 69.3166 0 P 0
L 102.362 69.5706 102.616 69.5706 0 P 0
L 102.362 71.0692 102.616 71.0692 0 P 0
L 102.362 71.0692 102.616 71.3232 0 P 0
L 102.362 71.5772 102.616 71.3232 0 P 0
L 102.362 71.5772 102.616 71.5772 0 P 0
L 102.362 73.0758 102.616 73.0758 0 P 0
L 102.362 73.0758 102.616 73.3298 0 P 0
L 102.362 73.5838 102.616 73.3298 0 P 0
L 102.362 73.5838 102.616 73.5838 0 P 0
L 102.362 75.0824 102.616 75.0824 0 P 0
L 102.362 75.0824 102.616 75.3364 0 P 0
L 102.362 75.5904 102.616 75.3364 0 P 0
L 102.362 75.5904 102.616 75.5904 0 P 0
L 102.616 57.023 102.87 56.769 0 P 0
L 102.616 57.531 102.87 57.785 0 P 0
L 102.616 59.0296 102.87 58.7756 0 P 0
L 102.616 59.5376 102.87 59.7916 0 P 0
L 102.616 61.0362 102.87 60.7822 0 P 0
L 102.616 61.5442 102.87 61.7982 0 P 0
L 102.616 63.0428 102.87 62.7888 0 P 0
L 102.616 63.5508 102.87 63.8048 0 P 0
L 102.616 65.0494 102.87 64.7954 0 P 0
L 102.616 65.5574 102.87 65.8114 0 P 0
L 102.616 67.056 102.87 66.802 0 P 0
L 102.616 67.564 102.87 67.818 0 P 0
L 102.616 69.0626 102.87 68.8086 0 P 0
L 102.616 69.5706 102.87 69.8246 0 P 0
L 102.616 71.0692 102.87 70.8152 0 P 0
L 102.616 71.5772 102.87 71.8312 0 P 0
L 102.616 73.0758 102.87 72.8218 0 P 0
L 102.616 73.5838 102.87 73.8378 0 P 0
L 102.616 75.0824 102.87 74.8284 0 P 0
L 102.616 75.5904 102.87 75.8444 0 P 0
L 102.87 56.769 103.124 57.023 0 P 0
L 102.87 57.785 103.124 57.531 0 P 0
L 102.87 58.7756 103.124 59.0296 0 P 0
L 102.87 59.7916 103.124 59.5376 0 P 0
L 102.87 60.7822 103.124 61.0362 0 P 0
L 102.87 61.7982 103.124 61.5442 0 P 0
L 102.87 62.7888 103.124 63.0428 0 P 0
L 102.87 63.8048 103.124 63.5508 0 P 0
L 102.87 64.7954 103.124 65.0494 0 P 0
L 102.87 65.8114 103.124 65.5574 0 P 0
L 102.87 66.802 103.124 67.056 0 P 0
L 102.87 67.818 103.124 67.564 0 P 0
L 102.87 68.8086 103.124 69.0626 0 P 0
L 102.87 69.8246 103.124 69.5706 0 P 0
L 102.87 70.8152 103.124 71.0692 0 P 0
L 102.87 71.8312 103.124 71.5772 0 P 0
L 102.87 72.8218 103.124 73.0758 0 P 0
L 102.87 73.8378 103.124 73.5838 0 P 0
L 102.87 74.8284 103.124 75.0824 0 P 0
L 102.87 75.8444 103.124 75.5904 0 P 0
L 103.124 57.023 103.378 57.023 0 P 0
L 103.124 57.277 103.378 57.023 0 P 0
L 103.124 57.277 103.378 57.531 0 P 0
L 103.124 57.531 103.378 57.531 0 P 0
L 103.124 59.0296 103.378 59.0296 0 P 0
L 103.124 59.2836 103.378 59.0296 0 P 0
L 103.124 59.2836 103.378 59.5376 0 P 0
L 103.124 59.5376 103.378 59.5376 0 P 0
L 103.124 61.0362 103.378 61.0362 0 P 0
L 103.124 61.2902 103.378 61.0362 0 P 0
L 103.124 61.2902 103.378 61.5442 0 P 0
L 103.124 61.5442 103.378 61.5442 0 P 0
L 103.124 63.0428 103.378 63.0428 0 P 0
L 103.124 63.2968 103.378 63.0428 0 P 0
L 103.124 63.2968 103.378 63.5508 0 P 0
L 103.124 63.5508 103.378 63.5508 0 P 0
L 103.124 65.0494 103.378 65.0494 0 P 0
L 103.124 65.3034 103.378 65.0494 0 P 0
L 103.124 65.3034 103.378 65.5574 0 P 0
L 103.124 65.5574 103.378 65.5574 0 P 0
L 103.124 67.056 103.378 67.056 0 P 0
L 103.124 67.31 103.378 67.056 0 P 0
L 103.124 67.31 103.378 67.564 0 P 0
L 103.124 67.564 103.378 67.564 0 P 0
L 103.124 69.0626 103.378 69.0626 0 P 0
L 103.124 69.3166 103.378 69.0626 0 P 0
L 103.124 69.3166 103.378 69.5706 0 P 0
L 103.124 69.5706 103.378 69.5706 0 P 0
L 103.124 71.0692 103.378 71.0692 0 P 0
L 103.124 71.3232 103.378 71.0692 0 P 0
L 103.124 71.3232 103.378 71.5772 0 P 0
L 103.124 71.5772 103.378 71.5772 0 P 0
L 103.124 73.0758 103.378 73.0758 0 P 0
L 103.124 73.3298 103.378 73.0758 0 P 0
L 103.124 73.3298 103.378 73.5838 0 P 0
L 103.124 73.5838 103.378 73.5838 0 P 0
L 103.124 75.0824 103.378 75.0824 0 P 0
L 103.124 75.3364 103.378 75.0824 0 P 0
L 103.124 75.3364 103.378 75.5904 0 P 0
L 103.124 75.5904 103.378 75.5904 0 P 0
