UNITS=MM
#Layer_Color=6321
#
#Feature symbol names
#
$0 r127

#
#Feature attribute names
#

#
#Layer features
#
L 31.63965732 96.8097632 32.14765732 95.7937632 0 P 0
L 31.63965732 96.8097632 32.65565732 96.8097632 0 P 0
L 32.14765732 95.7937632 32.65565732 96.8097632 0 P 0
L 36.322 34.417 36.576 34.925 0 P 0
L 36.322 34.417 36.83 34.671 0 P 0
L 36.322 35.433 36.576 34.925 0 P 0
L 36.322 35.433 36.83 35.179 0 P 0
L 36.83 34.671 37.338 34.417 0 P 0
L 36.83 35.179 37.338 35.433 0 P 0
L 37.084 34.925 37.338 34.417 0 P 0
L 37.084 34.925 37.338 35.433 0 P 0
L 42.89443796 39.10514912 43.40243796 38.08914912 0 P 0
L 42.89443796 39.10514912 43.91043796 39.10514912 0 P 0
L 42.926 74.168 43.434 73.152 0 P 0
L 42.926 74.168 43.942 74.168 0 P 0
L 43.40243796 38.08914912 43.91043796 39.10514912 0 P 0
L 43.434 73.152 43.942 74.168 0 P 0
L 60.41399906 75.946 60.92199906 74.93 0 P 0
L 60.41399906 75.946 61.42999906 75.946 0 P 0
L 60.92199906 74.93 61.42999906 75.946 0 P 0
L 61.341 96.901 61.849 95.885 0 P 0
L 61.341 96.901 62.357 96.901 0 P 0
L 61.468 31.496 61.976 30.48 0 P 0
L 61.468 31.496 62.484 31.496 0 P 0
L 61.849 95.885 62.357 96.901 0 P 0
L 61.976 30.48 62.484 31.496 0 P 0
L 62.103 58.801 62.611 57.785 0 P 0
L 62.103 58.801 63.119 58.801 0 P 0
L 62.611 57.785 63.119 58.801 0 P 0
L 67.945 93.726 68.453 92.71 0 P 0
L 67.945 93.726 68.961 93.726 0 P 0
L 68.453 92.71 68.961 93.726 0 P 0
L 73.66 41.529 74.168 40.513 0 P 0
L 73.66 41.529 74.676 41.529 0 P 0
L 74.168 40.513 74.676 41.529 0 P 0
L 74.803 97.155 75.311 96.139 0 P 0
L 74.803 97.155 75.819 97.155 0 P 0
L 75.311 96.139 75.819 97.155 0 P 0
L 76.2 31.623 76.708 30.607 0 P 0
L 76.2 31.623 77.216 31.623 0 P 0
L 76.454 61.468 76.962 60.452 0 P 0
L 76.454 61.468 77.47 61.468 0 P 0
L 76.708 30.607 77.216 31.623 0 P 0
L 76.962 60.452 77.47 61.468 0 P 0
L 78.613 83.312 79.121 82.296 0 P 0
L 78.613 83.312 79.629 83.312 0 P 0
L 79.121 82.296 79.629 83.312 0 P 0
L 88.011 31.623 88.519 30.607 0 P 0
L 88.011 31.623 89.027 31.623 0 P 0
L 88.519 30.607 89.027 31.623 0 P 0
L 91.948 47.752 92.456 46.736 0 P 0
L 91.948 47.752 92.964 47.752 0 P 0
L 92.456 46.736 92.964 47.752 0 P 0
L 99.06 35.433 99.568 34.417 0 P 0
L 99.06 35.433 100.076 35.433 0 P 0
L 99.568 34.417 100.076 35.433 0 P 0
