UNITS=MM
#Layer_Color=6321
#
#Feature symbol names
#
$0 r127

#
#Feature attribute names
#

#
#Layer features
#
L 31.79205732 96.3017632 32.50325732 96.3017632 0 P 0
L 32.14765732 95.9461632 32.14765732 96.6573632 0 P 0
L 36.6300004 34.925 37.0299996 34.925 0 P 0
L 36.83 34.7250004 36.83 35.1249996 0 P 0
L 43.04683796 38.59714912 43.75803796 38.59714912 0 P 0
L 43.0784 73.66 43.7896 73.66 0 P 0
L 43.40243796 38.24154912 43.40243796 38.95274912 0 P 0
L 43.434 73.3044 43.434 74.0156 0 P 0
L 60.56639906 75.438 61.27759906 75.438 0 P 0
L 60.92199906 75.0824 60.92199906 75.7936 0 P 0
L 61.4934 96.393 62.2046 96.393 0 P 0
L 61.6204 30.988 62.3316 30.988 0 P 0
L 61.849 96.0374 61.849 96.7486 0 P 0
L 61.976 30.6324 61.976 31.3436 0 P 0
L 62.2554 58.293 62.9666 58.293 0 P 0
L 62.611 57.9374 62.611 58.6486 0 P 0
L 68.0974 93.218 68.8086 93.218 0 P 0
L 68.453 92.8624 68.453 93.5736 0 P 0
L 73.8124 41.021 74.5236 41.021 0 P 0
L 74.168 40.6654 74.168 41.3766 0 P 0
L 74.9554 96.647 75.6666 96.647 0 P 0
L 75.311 96.2914 75.311 97.0026 0 P 0
L 76.3524 31.115 77.0636 31.115 0 P 0
L 76.6064 60.96 77.3176 60.96 0 P 0
L 76.708 30.7594 76.708 31.4706 0 P 0
L 76.962 60.6044 76.962 61.3156 0 P 0
L 78.7654 82.804 79.4766 82.804 0 P 0
L 79.121 82.4484 79.121 83.1596 0 P 0
L 88.1634 31.115 88.8746 31.115 0 P 0
L 88.519 30.7594 88.519 31.4706 0 P 0
L 92.1004 47.244 92.8116 47.244 0 P 0
L 92.456 46.8884 92.456 47.5996 0 P 0
L 99.2124 34.925 99.9236 34.925 0 P 0
L 99.568 34.5694 99.568 35.2806 0 P 0
