UNITS=MM
#Layer_Color=6321
#
#Feature symbol names
#
$0 r127

#
#Feature attribute names
#

#
#Layer features
#
L 26.89999954 28.49999888 30.09999822 28.49999888 0 P 0
L 26.89999954 101.9999992 30.09999822 101.9999992 0 P 0
L 28.49999888 26.89999954 28.49999888 30.09999822 0 P 0
L 28.49999888 100.39999986 28.49999888 103.59999854 0 P 0
L 29.34730732 96.1747632 30.05850732 96.1747632 0 P 0
L 29.70290732 95.8191632 29.70290732 96.5303632 0 P 0
L 34.30030732 96.1747632 35.01150732 96.1747632 0 P 0
L 34.65590732 95.8191632 34.65590732 96.5303632 0 P 0
L 35.2140012 42.291 36.4139988 42.291 0 P 0
L 35.2140012 86.9909995 36.4139988 86.9909995 0 P 0
L 35.814 41.6910012 35.814 42.8909988 0 P 0
L 35.814 86.3910007 35.814 87.5909983 0 P 0
L 43.053 46.99 43.815 46.99 0 P 0
L 43.053 50.038 43.815 50.038 0 P 0
L 43.053 77.597 43.815 77.597 0 P 0
L 43.053 80.645 43.815 80.645 0 P 0
L 43.434 46.609 43.434 47.371 0 P 0
L 43.434 49.657 43.434 50.419 0 P 0
L 43.434 77.216 43.434 77.978 0 P 0
L 43.434 80.264 43.434 81.026 0 P 0
L 50.5810012 42.291 51.7809988 42.291 0 P 0
L 50.5810012 86.9909995 51.7809988 86.9909995 0 P 0
L 51.181 41.6910012 51.181 42.8909988 0 P 0
L 51.181 86.3910007 51.181 87.5909983 0 P 0
L 61.01599938 60.452 61.66600062 60.452 0 P 0
L 61.01599938 61.722 61.66600062 61.722 0 P 0
L 61.341 60.12699938 61.341 60.77700062 0 P 0
L 61.341 61.39699938 61.341 62.04700062 0 P 0
L 62.28599938 60.452 62.93600062 60.452 0 P 0
L 62.28599938 61.722 62.93600062 61.722 0 P 0
L 62.611 60.12699938 62.611 60.77700062 0 P 0
L 62.611 61.39699938 62.611 62.04700062 0 P 0
L 76.9874 76.454 77.6986 76.454 0 P 0
L 77.343 76.0984 77.343 76.8096 0 P 0
L 77.8764 42.93399846 78.5876 42.93399846 0 P 0
L 78.232 42.57839846 78.232 43.28959846 0 P 0
L 80.4291 57.277 81.3181 57.277 0 P 0
L 80.4291 59.2836 81.3181 59.2836 0 P 0
L 80.4291 61.2902 81.3181 61.2902 0 P 0
L 80.4291 63.2968 81.3181 63.2968 0 P 0
L 80.4291 65.3034 81.3181 65.3034 0 P 0
L 80.4291 67.31 81.3181 67.31 0 P 0
L 80.4291 69.3166 81.3181 69.3166 0 P 0
L 80.4291 71.3232 81.3181 71.3232 0 P 0
L 80.4291 73.3298 81.3181 73.3298 0 P 0
L 80.4291 75.3364 81.3181 75.3364 0 P 0
L 80.8736 56.8325 80.8736 57.7215 0 P 0
L 80.8736 58.8391 80.8736 59.7281 0 P 0
L 80.8736 60.8457 80.8736 61.7347 0 P 0
L 80.8736 62.8523 80.8736 63.7413 0 P 0
L 80.8736 64.8589 80.8736 65.7479 0 P 0
L 80.8736 66.8655 80.8736 67.7545 0 P 0
L 80.8736 68.8721 80.8736 69.7611 0 P 0
L 80.8736 70.8787 80.8736 71.7677 0 P 0
L 80.8736 72.8853 80.8736 73.7743 0 P 0
L 80.8736 74.8919 80.8736 75.7809 0 P 0
L 81.6864 42.93399846 82.3976 42.93399846 0 P 0
L 82.042 42.57839846 82.042 43.28959846 0 P 0
L 99.90000086 28.49999888 103.09999954 28.49999888 0 P 0
L 99.90000086 101.9999992 103.09999954 101.9999992 0 P 0
L 101.5000002 26.89999954 101.5000002 30.09999822 0 P 0
L 101.5000002 100.39999986 101.5000002 103.59999854 0 P 0
L 102.4255 57.277 103.3145 57.277 0 P 0
L 102.4255 59.2836 103.3145 59.2836 0 P 0
L 102.4255 61.2902 103.3145 61.2902 0 P 0
L 102.4255 63.2968 103.3145 63.2968 0 P 0
L 102.4255 65.3034 103.3145 65.3034 0 P 0
L 102.4255 67.31 103.3145 67.31 0 P 0
L 102.4255 69.3166 103.3145 69.3166 0 P 0
L 102.4255 71.3232 103.3145 71.3232 0 P 0
L 102.4255 73.3298 103.3145 73.3298 0 P 0
L 102.4255 75.3364 103.3145 75.3364 0 P 0
L 102.87 56.8325 102.87 57.7215 0 P 0
L 102.87 58.8391 102.87 59.7281 0 P 0
L 102.87 60.8457 102.87 61.7347 0 P 0
L 102.87 62.8523 102.87 63.7413 0 P 0
L 102.87 64.8589 102.87 65.7479 0 P 0
L 102.87 66.8655 102.87 67.7545 0 P 0
L 102.87 68.8721 102.87 69.7611 0 P 0
L 102.87 70.8787 102.87 71.7677 0 P 0
L 102.87 72.8853 102.87 73.7743 0 P 0
L 102.87 74.8919 102.87 75.7809 0 P 0
