UNITS=MM
#Layer_Color=6321
#
#Feature symbol names
#
$0 r127

#
#Feature attribute names
#

#
#Layer features
#
L 43.0784 52.451 43.7896 52.451 0 P 0
L 43.0784 83.82 43.7896 83.82 0 P 0
L 43.434 52.0954 43.434 52.8066 0 P 0
L 43.434 83.4644 43.434 84.1756 0 P 0
L 49.3014 33.909 50.0126 33.909 0 P 0
L 49.657 33.5534 49.657 34.2646 0 P 0
L 49.9364 31.115 50.6476 31.115 0 P 0
L 50.292 30.7594 50.292 31.4706 0 P 0
L 56.9214 64.897 57.6326 64.897 0 P 0
L 56.9214 66.929 57.6326 66.929 0 P 0
L 56.9214 68.834 57.6326 68.834 0 P 0
L 56.9214 70.739 57.6326 70.739 0 P 0
L 57.277 64.5414 57.277 65.2526 0 P 0
L 57.277 66.5734 57.277 67.2846 0 P 0
L 57.277 68.4784 57.277 69.1896 0 P 0
L 57.277 70.3834 57.277 71.0946 0 P 0
L 59.5884 53.213 60.2996 53.213 0 P 0
L 59.7154 65.786 60.4266 65.786 0 P 0
L 59.944 52.8574 59.944 53.5686 0 P 0
L 60.071 65.4304 60.071 66.1416 0 P 0
L 60.4774 64.008 61.1886 64.008 0 P 0
L 60.833 63.6524 60.833 64.3636 0 P 0
L 63.41679468 64.17549268 64.12799468 64.17549268 0 P 0
L 63.77239468 63.81989268 63.77239468 64.53109268 0 P 0
L 63.9064 77.343 64.6176 77.343 0 P 0
L 63.9064 79.248 64.6176 79.248 0 P 0
L 64.0334 60.452 64.7446 60.452 0 P 0
L 64.0334 62.357 64.7446 62.357 0 P 0
L 64.262 76.9874 64.262 77.6986 0 P 0
L 64.262 78.8924 64.262 79.6036 0 P 0
L 64.389 60.0964 64.389 60.8076 0 P 0
L 64.389 62.0014 64.389 62.7126 0 P 0
L 66.1289 81.5975 66.8401 81.5975 0 P 0
L 66.4845 81.2419 66.4845 81.9531 0 P 0
L 67.8434 82.169 68.5546 82.169 0 P 0
L 68.199 81.8134 68.199 82.5246 0 P 0
L 68.35290114 63.5 69.06410114 63.5 0 P 0
L 68.4784 59.69 69.1896 59.69 0 P 0
L 68.4784 61.595 69.1896 61.595 0 P 0
L 68.70850114 63.1444 68.70850114 63.8556 0 P 0
L 68.834 59.3344 68.834 60.0456 0 P 0
L 68.834 61.2394 68.834 61.9506 0 P 0
L 69.6214 77.089 70.3326 77.089 0 P 0
L 69.977 76.7334 69.977 77.4446 0 P 0
L 71.7804 56.896 72.4916 56.896 0 P 0
L 71.7804 66.167 72.4916 66.167 0 P 0
L 71.9074 76.708 72.6186 76.708 0 P 0
L 72.136 56.5404 72.136 57.2516 0 P 0
L 72.136 65.8114 72.136 66.5226 0 P 0
L 72.263 76.3524 72.263 77.0636 0 P 0
L 79.7814 42.93399846 80.4926 42.93399846 0 P 0
L 80.137 42.57839846 80.137 43.28959846 0 P 0
L 83.5914 42.93399846 84.3026 42.93399846 0 P 0
L 83.947 42.57839846 83.947 43.28959846 0 P 0
L 84.0994 86.233 84.8106 86.233 0 P 0
L 84.455 85.8774 84.455 86.5886 0 P 0
L 87.5284 67.437 88.2396 67.437 0 P 0
L 87.884 67.0814 87.884 67.7926 0 P 0
L 90.5764 59.309 91.2876 59.309 0 P 0
L 90.932 58.9534 90.932 59.6646 0 P 0
L 96.1644 37.592 96.8756 37.592 0 P 0
L 96.1644 39.624 96.8756 39.624 0 P 0
L 96.1644 43.688 96.8756 43.688 0 P 0
L 96.1644 45.72 96.8756 45.72 0 P 0
L 96.52 37.2364 96.52 37.9476 0 P 0
L 96.52 39.2684 96.52 39.9796 0 P 0
L 96.52 43.3324 96.52 44.0436 0 P 0
L 96.52 45.3644 96.52 46.0756 0 P 0
