UNITS=MM
#Layer_Color=6321
#
#Feature symbol names
#
$0 r127

#
#Feature attribute names
#

#
#Layer features
#
L 26.6954 108.331 27.4066 108.331 0 P 0
L 26.75000238 97.27499976 27.45000098 97.27499976 0 P 0
L 26.75000238 105.91499772 27.45000098 105.91499772 0 P 0
L 27.051 107.9754 27.051 108.6866 0 P 0
L 27.10000168 96.92500046 27.10000168 97.62499906 0 P 0
L 27.10000168 105.56499842 27.10000168 106.26499702 0 P 0
L 27.5844 93.472 28.2956 93.472 0 P 0
L 27.94 93.1164 27.94 93.8276 0 P 0
L 30.20000056 98.61999834 30.59999976 98.61999834 0 P 0
L 30.20000056 99.46999918 30.59999976 99.46999918 0 P 0
L 30.20000056 100.31999748 30.59999976 100.31999748 0 P 0
L 30.20000056 101.16999832 30.59999976 101.16999832 0 P 0
L 30.20000056 102.01999916 30.59999976 102.01999916 0 P 0
L 30.20000056 102.87 30.59999976 102.87 0 P 0
L 30.20000056 103.7199983 30.59999976 103.7199983 0 P 0
L 30.20000056 104.56999914 30.59999976 104.56999914 0 P 0
L 30.40000016 98.41999874 30.40000016 98.81999794 0 P 0
L 30.40000016 99.26999958 30.40000016 99.66999878 0 P 0
L 30.40000016 100.11999788 30.40000016 100.51999708 0 P 0
L 30.40000016 100.96999872 30.40000016 101.36999792 0 P 0
L 30.40000016 101.81999956 30.40000016 102.21999876 0 P 0
L 30.40000016 102.6700004 30.40000016 103.0699996 0 P 0
L 30.40000016 103.5199987 30.40000016 103.9199979 0 P 0
L 30.40000016 104.36999954 30.40000016 104.76999874 0 P 0
L 30.9000017 97.27499976 31.6000003 97.27499976 0 P 0
L 30.9000017 105.91499772 31.6000003 105.91499772 0 P 0
L 31.250001 96.92500046 31.250001 97.62499906 0 P 0
L 31.250001 105.56499842 31.250001 106.26499702 0 P 0
L 31.5500004 98.61999834 31.9499996 98.61999834 0 P 0
L 31.5500004 99.46999918 31.9499996 99.46999918 0 P 0
L 31.5500004 100.31999748 31.9499996 100.31999748 0 P 0
L 31.5500004 101.16999832 31.9499996 101.16999832 0 P 0
L 31.5500004 102.01999916 31.9499996 102.01999916 0 P 0
L 31.5500004 102.87 31.9499996 102.87 0 P 0
L 31.5500004 103.7199983 31.9499996 103.7199983 0 P 0
L 31.5500004 104.56999914 31.9499996 104.56999914 0 P 0
L 31.75 98.41999874 31.75 98.81999794 0 P 0
L 31.75 99.26999958 31.75 99.66999878 0 P 0
L 31.75 100.11999788 31.75 100.51999708 0 P 0
L 31.75 100.96999872 31.75 101.36999792 0 P 0
L 31.75 101.81999956 31.75 102.21999876 0 P 0
L 31.75 102.6700004 31.75 103.0699996 0 P 0
L 31.75 103.5199987 31.75 103.9199979 0 P 0
L 31.75 104.36999954 31.75 104.76999874 0 P 0
L 32.5374 110.109 33.2486 110.109 0 P 0
L 32.893 109.7534 32.893 110.4646 0 P 0
L 34.8234 100.838 35.5346 100.838 0 P 0
L 35.179 100.4824 35.179 101.1936 0 P 0
L 35.4584 107.188 36.1696 107.188 0 P 0
L 35.814 106.8324 35.814 107.5436 0 P 0
L 36.6014 114.427 37.3126 114.427 0 P 0
L 36.957 114.0714 36.957 114.7826 0 P 0
L 38.7604 94.488 39.4716 94.488 0 P 0
L 38.997001 108.78399884 39.996999 108.78399884 0 P 0
L 38.997001 113.284 39.996999 113.284 0 P 0
L 39.116 94.1324 39.116 94.8436 0 P 0
L 39.497 108.28399984 39.497 109.28399784 0 P 0
L 39.497 112.784001 39.497 113.783999 0 P 0
L 42.3164 86.36 43.0276 86.36 0 P 0
L 42.672 86.0044 42.672 86.7156 0 P 0
L 45.4970007 108.78399884 46.4969987 108.78399884 0 P 0
L 45.4970007 113.284 46.4969987 113.284 0 P 0
L 45.9969997 108.28399984 45.9969997 109.28399784 0 P 0
L 45.9969997 112.784001 45.9969997 113.783999 0 P 0
L 46.6344 95.25 47.3456 95.25 0 P 0
L 46.99 94.8944 46.99 95.6056 0 P 0
L 47.1424 102.489 47.8536 102.489 0 P 0
L 47.498 102.1334 47.498 102.8446 0 P 0
L 48.1584 114.3 48.8696 114.3 0 P 0
L 48.514 113.9444 48.514 114.6556 0 P 0
L 49.6824 102.616 50.3936 102.616 0 P 0
L 49.8094 93.726 50.5206 93.726 0 P 0
L 50.038 102.2604 50.038 102.9716 0 P 0
L 50.165 93.3704 50.165 94.0816 0 P 0
L 51.4604 96.393 52.1716 96.393 0 P 0
L 51.4604 102.616 52.1716 102.616 0 P 0
L 51.816 96.0374 51.816 96.7486 0 P 0
L 51.816 102.2604 51.816 102.9716 0 P 0
L 52.2224 107.696 52.9336 107.696 0 P 0
L 52.578 107.3404 52.578 108.0516 0 P 0
L 53.2384 96.393 53.9496 96.393 0 P 0
L 53.594 96.0374 53.594 96.7486 0 P 0
L 54.52924832 102.5742932 55.24044832 102.5742932 0 P 0
L 54.88484832 102.2186932 54.88484832 102.9298932 0 P 0
L 57.5945 84.328 58.4835 84.328 0 P 0
L 57.5945 106.3244 58.4835 106.3244 0 P 0
L 58.039 83.8835 58.039 84.7725 0 P 0
L 58.039 105.8799 58.039 106.7689 0 P 0
L 59.6011 84.328 60.4901 84.328 0 P 0
L 59.6011 106.3244 60.4901 106.3244 0 P 0
L 60.0456 83.8835 60.0456 84.7725 0 P 0
L 60.0456 105.8799 60.0456 106.7689 0 P 0
L 61.6077 84.328 62.4967 84.328 0 P 0
L 61.6077 106.3244 62.4967 106.3244 0 P 0
L 62.0522 83.8835 62.0522 84.7725 0 P 0
L 62.0522 105.8799 62.0522 106.7689 0 P 0
L 62.7634 92.964 63.4746 92.964 0 P 0
L 62.8904 90.297 63.6016 90.297 0 P 0
L 63.119 92.6084 63.119 93.3196 0 P 0
L 63.246 89.9414 63.246 90.6526 0 P 0
L 63.6143 84.328 64.5033 84.328 0 P 0
L 63.6143 106.3244 64.5033 106.3244 0 P 0
L 64.0588 83.8835 64.0588 84.7725 0 P 0
L 64.0588 105.8799 64.0588 106.7689 0 P 0
L 65.6209 84.328 66.5099 84.328 0 P 0
L 65.6209 106.3244 66.5099 106.3244 0 P 0
L 66.0654 83.8835 66.0654 84.7725 0 P 0
L 66.0654 105.8799 66.0654 106.7689 0 P 0
L 67.6275 84.328 68.5165 84.328 0 P 0
L 67.6275 106.3244 68.5165 106.3244 0 P 0
L 68.072 83.8835 68.072 84.7725 0 P 0
L 68.072 105.8799 68.072 106.7689 0 P 0
L 69.6341 84.328 70.5231 84.328 0 P 0
L 69.6341 106.3244 70.5231 106.3244 0 P 0
L 70.0786 83.8835 70.0786 84.7725 0 P 0
L 70.0786 105.8799 70.0786 106.7689 0 P 0
L 71.6407 84.328 72.5297 84.328 0 P 0
L 71.6407 106.3244 72.5297 106.3244 0 P 0
L 72.0852 83.8835 72.0852 84.7725 0 P 0
L 72.0852 105.8799 72.0852 106.7689 0 P 0
L 73.6473 84.328 74.5363 84.328 0 P 0
L 73.6473 106.3244 74.5363 106.3244 0 P 0
L 74.0918 83.8835 74.0918 84.7725 0 P 0
L 74.0918 105.8799 74.0918 106.7689 0 P 0
L 75.6539 84.328 76.5429 84.328 0 P 0
L 75.6539 106.3244 76.5429 106.3244 0 P 0
L 76.0984 83.8835 76.0984 84.7725 0 P 0
L 76.0984 105.8799 76.0984 106.7689 0 P 0
