UNITS=MM
#Layer_Color=6321
#
#Feature symbol names
#
$0 r127

#
#Feature attribute names
#

#
#Layer features
#
L 53.34 73.025 53.848 72.009 0 P 0
L 53.34 73.025 54.356 73.025 0 P 0
L 53.848 72.009 54.356 73.025 0 P 0
L 54.356 74.93 54.864 73.914 0 P 0
L 54.356 74.93 55.372 74.93 0 P 0
L 54.864 73.914 55.372 74.93 0 P 0
L 57.912 76.073 58.42 75.057 0 P 0
L 57.912 76.073 58.928 76.073 0 P 0
L 58.293 63.119 58.801 62.103 0 P 0
L 58.293 63.119 59.309 63.119 0 P 0
L 58.42 75.057 58.928 76.073 0 P 0
L 58.801 62.103 59.309 63.119 0 P 0
L 61.468 51.816 61.976 50.8 0 P 0
L 61.468 51.816 62.484 51.816 0 P 0
L 61.976 50.8 62.484 51.816 0 P 0
L 63.373 51.816 63.881 50.8 0 P 0
L 63.373 51.816 64.389 51.816 0 P 0
L 63.754 32.131 64.262 31.115 0 P 0
L 63.754 32.131 64.77 32.131 0 P 0
L 63.881 50.8 64.389 51.816 0 P 0
L 64.262 31.115 64.77 32.131 0 P 0
L 66.167 32.14159942 66.675 31.12559942 0 P 0
L 66.167 32.14159942 67.183 32.14159942 0 P 0
L 66.675 31.12559942 67.183 32.14159942 0 P 0
L 68.326 58.166 68.834 57.15 0 P 0
L 68.326 58.166 69.342 58.166 0 P 0
L 68.58 52.07 69.088 51.054 0 P 0
L 68.58 52.07 69.596 52.07 0 P 0
L 68.834 57.15 69.342 58.166 0 P 0
L 69.088 51.054 69.596 52.07 0 P 0
L 71.755 73.406 72.263 72.39 0 P 0
L 71.755 73.406 72.771 73.406 0 P 0
L 72.263 72.39 72.771 73.406 0 P 0
L 73.787 76.835 74.295 75.819 0 P 0
L 73.787 76.835 74.803 76.835 0 P 0
L 74.295 74.93 74.803 73.914 0 P 0
L 74.295 74.93 75.311 74.93 0 P 0
L 74.295 75.819 74.803 76.835 0 P 0
L 74.803 73.914 75.311 74.93 0 P 0
