UNITS=MM
#Layer_Color=15314666
#
#Feature symbol names
#
$0 r49.9999
$1 r99.9998

#
#Feature attribute names
#

#
#Layer features
#
A 61.37900094 80.264 61.37900094 80.264 61.214 80.264 0 P 0 N
L 29.06990884 92.52176314 29.06990884 94.62176402 0 P 0
L 29.06990884 92.52176314 30.26990898 92.52176314 0 P 0
L 29.06990884 94.62176402 30.26990898 94.62176402 0 P 0
L 29.19490732 93.57176358 30.14490796 93.57176358 1 P 0
L 29.66990764 93.09676326 29.66990764 94.0467639 1 P 0
L 30.26990898 92.52176314 30.26990898 94.62176402 0 P 0
L 30.54800088 33.09400036 30.54800088 35.99399964 0 P 0
L 30.54800088 33.09400036 36.04800004 33.09400036 0 P 0
L 30.54800088 35.99399964 36.04800004 35.99399964 0 P 0
L 30.57090914 92.3257615 30.57090914 95.32576312 0 P 0
L 30.57090914 92.3257615 32.07090868 92.3257615 0 P 0
L 30.57090914 95.32576312 32.07090868 95.32576312 0 P 0
L 30.8409086 93.82576358 31.80090922 93.82576358 1 P 0
L 31.32090764 93.345762 31.32090764 94.30576262 1 P 0
L 31.74800102 29.94200006 31.74800102 32.54199994 0 P 0
L 31.74800102 29.94200006 36.04800004 29.94200006 0 P 0
L 31.74800102 32.54199994 36.04800004 32.54199994 0 P 0
L 32.07090868 92.3257615 32.07090868 95.32576312 0 P 0
L 32.2700015 92.34099896 32.2700015 95.34100058 0 P 0
L 32.2700015 92.34099896 33.77000104 92.34099896 0 P 0
L 32.2700015 95.34100058 33.77000104 95.34100058 0 P 0
L 32.54000096 93.84100104 33.50000158 93.84100104 1 P 0
L 32.79800146 34.544 33.798002 34.544 1 P 0
L 33.02 93.36099946 33.02 94.32100008 1 P 0
L 33.29800046 34.044001 33.29800046 35.04400154 1 P 0
L 33.39800026 31.242 34.3980008 31.242 1 P 0
L 33.77000104 92.34099896 33.77000104 95.34100058 0 P 0
L 33.89799926 30.742001 33.89799926 31.74200154 1 P 0
L 34.05590852 92.45776276 34.05590852 94.55776364 0 P 0
L 34.05590852 92.45776276 35.25590866 92.45776276 0 P 0
L 34.05590852 94.55776364 35.25590866 94.55776364 0 P 0
L 34.180907 93.5077632 35.13090764 93.5077632 1 P 0
L 34.65590732 93.03276288 34.65590732 93.98276352 1 P 0
L 35.25590866 92.45776276 35.25590866 94.55776364 0 P 0
L 35.314001 64.64100102 36.313999 64.64100102 1 P 0
L 35.814 64.14100202 35.814 65.14100002 1 P 0
L 36.04800004 29.94200006 36.04800004 32.54199994 0 P 0
L 36.04800004 33.09400036 36.04800004 35.99399964 0 P 0
L 36.49300042 26.49000036 36.49300042 29.38999964 0 P 0
L 36.49300042 26.49000036 41.99299958 26.49000036 0 P 0
L 36.49300042 29.38999964 41.99299958 29.38999964 0 P 0
L 37.09299922 30.48499872 37.09299922 34.28499874 0 P 0
L 37.09299922 30.48499872 41.39300078 30.48499872 0 P 0
L 37.09299922 34.28499874 41.39300078 34.28499874 0 P 0
L 38.08699774 35.10999836 38.08699774 36.51000064 0 P 0
L 38.08699774 35.10999836 40.63700026 35.10999836 0 P 0
L 38.08699774 36.51000064 40.63700026 36.51000064 0 P 0
L 38.743001 27.94 39.74300154 27.94 1 P 0
L 38.743001 32.385 39.742999 32.385 1 P 0
L 38.86199746 35.8099995 39.861998 35.8099995 1 P 0
L 39.243 27.440001 39.243 28.44000154 1 P 0
L 39.243 31.88499846 39.243 32.884999 1 P 0
L 39.361999 35.3100005 39.361999 36.3099985 1 P 0
L 40.63700026 35.10999836 40.63700026 36.51000064 0 P 0
L 41.39300078 30.48499872 41.39300078 34.28499874 0 P 0
L 41.85100088 33.47500036 41.85100088 36.37499964 0 P 0
L 41.85100088 33.47500036 47.35100004 33.47500036 0 P 0
L 41.85100088 36.37499964 47.35100004 36.37499964 0 P 0
L 41.99299958 26.49000036 41.99299958 29.38999964 0 P 0
L 44.10099892 34.925 45.10099946 34.925 1 P 0
L 44.60100046 34.42499846 44.60100046 35.424999 1 P 0
L 47.35100004 33.47500036 47.35100004 36.37499964 0 P 0
L 50.681001 64.64100102 51.680999 64.64100102 1 P 0
L 51.181 64.14100202 51.181 65.14100002 1 P 0
L 60.7640009 77.07799926 60.7640009 78.87800074 0 P 0
L 60.7640009 77.07799926 61.66400164 77.07799926 0 P 0
L 60.7640009 78.87800074 61.66400164 78.87800074 0 P 0
L 60.77400088 79.36399926 60.77400088 81.16400074 0 P 0
L 60.77400088 79.36399926 61.65399912 79.36399926 0 P 0
L 60.77400088 81.16400074 61.65399912 81.16400074 0 P 0
L 60.84899946 91.46799842 60.84899946 94.96799904 0 P 0
L 60.84899946 91.46799842 62.84900054 91.46799842 0 P 0
L 60.84899946 94.96799904 62.84900054 94.96799904 0 P 0
L 60.93900182 77.978 61.48900072 77.978 1 P 0
L 60.99400044 80.264 61.43399956 80.264 0 P 0
L 61.0829995 86.06899982 61.0829995 90.96900018 1 P 0
L 61.0829995 86.06899982 66.93299796 86.06899982 1 P 0
L 61.0829995 90.96900018 66.93299796 90.96900018 1 P 0
L 61.08900152 52.71099948 61.08900152 54.81100036 0 P 0
L 61.08900152 52.71099948 62.28900166 52.71099948 0 P 0
L 61.08900152 54.81100036 62.28900166 54.81100036 0 P 0
L 61.214 53.76099992 62.16400064 53.76099992 1 P 0
L 61.214 77.70299928 61.214 78.25300072 1 P 0
L 61.214 80.04400044 61.214 80.48399956 0 P 0
L 61.349001 93.218 62.348999 93.218 1 P 0
L 61.65399912 79.36399926 61.65399912 81.16400074 0 P 0
L 61.66400164 77.07799926 61.66400164 78.87800074 0 P 0
L 61.68900032 53.2859996 61.68900032 54.23600024 1 P 0
L 61.849 92.71799846 61.849 93.717999 1 P 0
L 62.12700046 74.53799926 62.12700046 76.33800074 0 P 0
L 62.12700046 74.53799926 65.12699954 74.53799926 0 P 0
L 62.12700046 76.33800074 65.12699954 76.33800074 0 P 0
L 62.28900166 52.71099948 62.28900166 54.81100036 0 P 0
L 62.84900054 91.46799842 62.84900054 94.96799904 0 P 0
L 63.12699846 75.438 64.126999 75.438 1 P 0
L 63.50100076 91.56800076 63.50100076 94.86799924 0 P 0
L 63.50100076 91.56800076 66.80099924 91.56800076 0 P 0
L 63.50100076 94.86799924 66.80099924 94.86799924 0 P 0
L 63.50799846 88.519 64.507999 88.519 1 P 0
L 63.52800096 95.39299946 63.52800096 97.39300054 0 P 0
L 63.52800096 95.39299946 67.02800158 95.39299946 0 P 0
L 63.52800096 97.39300054 67.02800158 97.39300054 0 P 0
L 63.627 74.938001 63.627 75.937999 1 P 0
L 64.008 88.019001 64.008 89.018999 1 P 0
L 64.65099846 93.218 65.650999 93.218 1 P 0
L 64.778001 96.393 65.77800154 96.393 1 P 0
L 65.12699954 74.53799926 65.12699954 76.33800074 0 P 0
L 65.151 92.71799846 65.151 93.717999 1 P 0
L 65.278 95.893001 65.278 96.892999 1 P 0
L 66.80099924 91.56800076 66.80099924 94.86799924 0 P 0
L 66.93299796 86.06899982 66.93299796 90.96900018 1 P 0
L 67.02800158 95.39299946 67.02800158 97.39300054 0 P 0
L 69.84600204 86.06899982 69.84600204 90.96900018 1 P 0
L 69.84600204 86.06899982 75.6960005 86.06899982 1 P 0
L 69.84600204 90.96900018 75.6960005 90.96900018 1 P 0
L 70.4499988 95.64699946 70.4499988 97.64700054 0 P 0
L 70.4499988 95.64699946 73.94999942 95.64699946 0 P 0
L 70.4499988 97.64700054 73.94999942 97.64700054 0 P 0
L 70.72300054 51.50499986 70.72300054 53.90500014 0 P 0
L 70.72300054 51.5050024 75.07299946 51.5050024 0 P 0
L 70.72300054 53.9049976 75.07299946 53.9049976 0 P 0
L 70.74000076 91.69500076 70.74000076 94.99499924 0 P 0
L 70.74000076 91.69500076 74.03999924 91.69500076 0 P 0
L 70.74000076 94.99499924 74.03999924 94.99499924 0 P 0
L 70.74399872 77.89500042 70.74399872 83.39499958 0 P 0
L 70.74399872 77.89500042 74.54399874 77.89500042 0 P 0
L 70.74399872 83.39499958 74.54399874 83.39499958 0 P 0
L 71.23400028 67.77800008 71.23400028 70.47799976 0 P 0
L 71.23400028 67.77800008 72.78399972 67.77800008 0 P 0
L 71.23400028 70.47799976 72.78399972 70.47799976 0 P 0
L 71.53399968 69.12799992 72.48400032 69.12799992 1 P 0
L 71.69999884 96.647 72.69999938 96.647 1 P 0
L 71.890001 93.345 72.89000154 93.345 1 P 0
L 72.009 68.6529996 72.009 69.60300024 1 P 0
L 72.144001 80.645 73.143999 80.645 1 P 0
L 72.20000038 96.147001 72.20000038 97.146999 1 P 0
L 72.271001 88.519 73.27100154 88.519 1 P 0
L 72.39 92.845001 72.39 93.84500154 1 P 0
L 72.398001 52.705 73.39800154 52.705 1 P 0
L 72.644 80.14499846 72.644 81.144999 1 P 0
L 72.771 88.019001 72.771 89.018999 1 P 0
L 72.78399972 67.77800008 72.78399972 70.47799976 0 P 0
L 72.81800016 58.66400002 72.81800016 60.7640009 0 P 0
L 72.81800016 58.66400002 74.0180003 58.66400002 0 P 0
L 72.81800016 60.7640009 74.0180003 60.7640009 0 P 0
L 72.898 52.205001 72.898 53.20500154 1 P 0
L 72.94299864 59.71400046 73.89299928 59.71400046 1 P 0
L 73.41799896 59.23900014 73.41799896 60.18900078 1 P 0
L 73.60899934 54.28000066 73.60899934 57.48000188 0 P 0
L 73.60899934 54.28000066 76.75900066 54.28000066 0 P 0
L 73.60899934 57.48000188 76.75900066 57.48000188 0 P 0
L 73.94999942 95.64699946 73.94999942 97.64700054 0 P 0
L 73.98500062 69.7040008 73.98500062 70.50400174 0 P 0
L 73.98500062 69.7040008 75.58499996 69.7040008 0 P 0
L 73.98500062 70.50400174 75.58499996 70.50400174 0 P 0
L 74.0180003 58.66400002 74.0180003 60.7640009 0 P 0
L 74.03999924 91.69500076 74.03999924 94.99499924 0 P 0
L 74.11200062 62.84599826 74.11200062 63.6459992 0 P 0
L 74.11200062 62.84599826 75.71199996 62.84599826 0 P 0
L 74.11200062 63.6459992 75.71199996 63.6459992 0 P 0
L 74.19200046 58.46799838 74.19200046 61.468 0 P 0
L 74.19200046 58.46799838 75.692 58.46799838 0 P 0
L 74.19200046 61.468 75.692 61.468 0 P 0
L 74.46199992 59.96800046 75.42200054 59.96800046 1 P 0
L 74.51000084 70.104 75.05999974 70.104 1 P 0
L 74.54399874 77.89500042 74.54399874 83.39499958 0 P 0
L 74.57699842 93.48799946 74.57699842 95.48800054 0 P 0
L 74.57699842 93.48799946 78.07699904 93.48799946 0 P 0
L 74.57699842 95.48800054 78.07699904 95.48800054 0 P 0
L 74.63700084 63.246 75.18699974 63.246 1 P 0
L 74.68399846 55.88 75.683999 55.88 1 P 0
L 74.78500156 69.82899928 74.78500156 70.37900072 1 P 0
L 74.87700036 77.89500042 74.87700036 83.39499958 0 P 0
L 74.87700036 77.89500042 77.77699964 77.89500042 0 P 0
L 74.87700036 83.39499958 77.77699964 83.39499958 0 P 0
L 74.91199902 62.97099928 74.91199902 63.52100072 1 P 0
L 74.94199896 59.48799888 74.94199896 60.4479995 1 P 0
L 75.073002 51.50499986 75.073002 53.90500014 0 P 0
L 75.184 55.380001 75.184 56.38000154 1 P 0
L 75.58499996 69.7040008 75.58499996 70.50400174 0 P 0
L 75.692 58.46799838 75.692 61.468 0 P 0
L 75.6960005 86.06899982 75.6960005 90.96900018 1 P 0
L 75.71199996 62.84599826 75.71199996 63.6459992 0 P 0
L 75.82699846 94.488 76.826999 94.488 1 P 0
L 75.827001 80.645 76.82700154 80.645 1 P 0
L 76.327 80.14499846 76.327 81.144999 1 P 0
L 76.327 93.988001 76.327 94.987999 1 P 0
L 76.75900066 54.28000066 76.75900066 57.48000188 0 P 0
L 77.29000036 44.49400042 77.29000036 49.99399958 0 P 0
L 77.29000036 44.49400042 80.18999964 44.49400042 0 P 0
L 77.29000036 49.99399958 80.18999964 49.99399958 0 P 0
L 77.63599916 32.24699926 77.63599916 33.04699766 0 P 0
L 77.63599916 32.24699926 79.38600074 32.24699926 0 P 0
L 77.63599916 33.04699766 79.38600074 33.04699766 0 P 0
L 77.77699964 77.89500042 77.77699964 83.39499958 0 P 0
L 78.07699904 93.48799946 78.07699904 95.48800054 0 P 0
L 78.14900042 33.84999834 78.14900042 41.34999858 0 P 0
L 78.14900042 33.84999834 83.64899958 33.84999834 0 P 0
L 78.14900042 41.34999858 83.64899958 41.34999858 0 P 0
L 78.23599796 32.64699846 78.7359995 32.64699846 1 P 0
L 78.23999846 47.244 79.239999 47.244 1 P 0
L 78.27099916 78.53300016 78.27099916 81.23300238 0 P 0
L 78.27099916 78.53300016 79.97100084 78.53300016 0 P 0
L 78.27099916 81.23300238 79.97100084 81.23300238 0 P 0
L 78.486 32.39699642 78.486 32.89699796 1 P 0
L 78.621001 79.883 79.620999 79.883 1 P 0
L 78.74 46.744001 78.74 47.74400154 1 P 0
L 79.121 79.383001 79.121 80.38300154 1 P 0
L 79.38600074 32.24699926 79.38600074 33.04699766 0 P 0
L 79.59899752 31.89699996 79.59899752 33.3969995 0 P 0
L 79.59899752 31.89699996 82.19899994 31.89699996 0 P 0
L 79.59899752 33.3969995 82.19899994 33.3969995 0 P 0
L 79.97100084 78.53300016 79.97100084 81.23300238 0 P 0
L 80.18999964 44.49400042 80.18999964 49.99399958 0 P 0
L 80.33800036 44.49400042 80.33800036 49.99399958 0 P 0
L 80.33800036 44.49400042 83.23799964 44.49400042 0 P 0
L 80.33800036 49.99399958 83.23799964 49.99399958 0 P 0
L 80.399001 37.59999846 81.398999 37.59999846 1 P 0
L 80.42399968 32.64699846 81.37399778 32.64699846 1 P 0
L 80.57999886 82.1540013 80.57999886 84.95400078 0 P 0
L 80.57999886 82.1540013 81.98000114 82.1540013 0 P 0
L 80.57999886 84.95400078 81.98000114 84.95400078 0 P 0
L 80.80500222 83.55400104 81.75500032 83.55400104 1 P 0
L 80.899 32.17199814 80.899 33.12199878 1 P 0
L 80.899 37.09999946 80.899 38.1 1 P 0
L 81.28 83.07900072 81.28 84.02900136 1 P 0
L 81.28799846 47.244 82.287999 47.244 1 P 0
L 81.788 46.744001 81.788 47.74400154 1 P 0
L 81.98000114 82.1540013 81.98000114 84.95400078 0 P 0
L 82.19899994 31.89699996 82.19899994 33.3969995 0 P 0
L 82.46199916 32.24699926 82.46199916 33.04699766 0 P 0
L 82.46199916 32.24699926 84.21200074 32.24699926 0 P 0
L 82.46199916 33.04699766 84.21200074 33.04699766 0 P 0
L 82.48099836 83.00299884 82.48099836 84.80300032 0 P 0
L 82.48099836 83.00299884 83.3809991 83.00299884 0 P 0
L 82.48099836 84.80300032 83.3809991 84.80300032 0 P 0
L 82.65599928 83.90299958 83.20599818 83.90299958 1 P 0
L 82.931 83.62799886 82.931 84.1780003 1 P 0
L 83.06199796 32.64699846 83.5619995 32.64699846 1 P 0
L 83.23799964 44.49400042 83.23799964 49.99399958 0 P 0
L 83.312 32.39699642 83.312 32.89699796 1 P 0
L 83.3809991 83.00299884 83.3809991 84.80300032 0 P 0
L 83.64899958 33.84999834 83.64899958 41.34999858 0 P 0
L 84.201 33.28199846 84.201 35.82199846 1 P 0
L 84.201 33.28199846 85.471 33.28199846 1 P 0
L 84.201 35.82199846 85.471 35.82199846 1 P 0
L 84.21200074 32.24699926 84.21200074 33.04699766 0 P 0
L 84.35600096 34.55199846 85.31600158 34.55199846 1 P 0
L 84.836 34.07199688 84.836 35.0319975 1 P 0
L 85.471 33.28199846 85.471 35.82199846 1 P 0
L 89.75499956 30.31400084 89.75499956 33.61399932 0 P 0
L 89.75499956 30.31400084 91.85500044 30.31400084 0 P 0
L 89.75499956 33.61399932 91.85500044 33.61399932 0 P 0
L 90.32999968 31.96400008 91.28000032 31.96400008 1 P 0
L 90.805 31.48899976 90.805 32.4390004 1 P 0
L 91.85500044 30.31400084 91.85500044 33.61399932 0 P 0
L 92.04099956 30.26700068 92.04099956 33.56699916 0 P 0
L 92.04099956 30.26700068 94.14100044 30.26700068 0 P 0
L 92.04099956 33.56699916 94.14100044 33.56699916 0 P 0
L 92.61599968 31.91699992 93.56600032 31.91699992 1 P 0
L 93.091 31.4419996 93.091 32.39200024 1 P 0
L 94.14100044 30.26700068 94.14100044 33.56699916 0 P 0
L 94.45399956 30.31400084 94.45399956 33.61399932 0 P 0
L 94.45399956 30.31400084 96.55400044 30.31400084 0 P 0
L 94.45399956 33.61399932 96.55400044 33.61399932 0 P 0
L 95.02899968 31.96400008 95.97900032 31.96400008 1 P 0
L 95.504 31.48899976 95.504 32.4390004 1 P 0
L 96.55400044 30.31400084 96.55400044 33.61399932 0 P 0
L 96.86699956 30.31400084 96.86699956 33.61399932 0 P 0
L 96.86699956 30.31400084 98.96700044 30.31400084 0 P 0
L 96.86699956 33.61399932 98.96700044 33.61399932 0 P 0
L 97.44199968 31.96400008 98.39200032 31.96400008 1 P 0
L 97.917 31.48899976 97.917 32.4390004 1 P 0
L 98.96700044 30.31400084 98.96700044 33.61399932 0 P 0
