UNITS=MM
#Layer_Color=15138737
#
#Feature symbol names
#
$0 r99.9998
$1 r152.4

#
#Feature attribute names
#

#
#Layer features
#
L 29.0449 109.851952 29.0449 112.652048 1 P 0
L 29.0449 109.851952 30.6451 109.851952 1 P 0
L 29.0449 112.652048 30.6451 112.652048 1 P 0
L 30.6451 109.851952 30.6451 112.652048 1 P 0
L 33.88799928 110.02299814 33.88799928 111.07299858 0 P 0
L 33.88799928 110.02299814 34.43799818 110.02299814 0 P 0
L 33.88799928 111.07299858 34.43799818 111.07299858 0 P 0
L 34.43799818 110.02299814 34.43799818 111.07299858 0 P 0
L 35.66599928 110.02299814 35.66599928 111.07299858 0 P 0
L 35.66599928 110.02299814 36.21599818 110.02299814 0 P 0
L 35.66599928 111.07299858 36.21599818 111.07299858 0 P 0
L 36.21599818 110.02299814 36.21599818 111.07299858 0 P 0
L 51.80499926 109.90300092 51.80499926 113.3029992 0 P 0
L 51.80499926 109.90300092 53.6049982 109.90300092 0 P 0
L 51.80499926 113.3029992 53.6049982 113.3029992 0 P 0
L 53.6049982 109.90300092 53.6049982 113.3029992 0 P 0
L 57.01199926 109.93300086 57.01199926 113.33299914 0 P 0
L 57.01199926 109.93300086 58.8119982 109.93300086 0 P 0
L 57.01199926 113.33299914 58.8119982 113.33299914 0 P 0
L 58.8119982 109.93300086 58.8119982 113.33299914 0 P 0
L 61.83799926 109.93300086 61.83799926 113.33299914 0 P 0
L 61.83799926 109.93300086 63.6379982 109.93300086 0 P 0
L 61.83799926 113.33299914 63.6379982 113.33299914 0 P 0
L 63.6379982 109.93300086 63.6379982 113.33299914 0 P 0
L 65.45200016 109.80600086 65.45200016 113.20600168 0 P 0
L 65.45200016 109.80600086 68.15199984 109.80600086 0 P 0
L 65.45200016 113.20600168 68.15199984 113.20600168 0 P 0
L 68.15199984 109.80600086 68.15199984 113.20600168 0 P 0
L 70.34699926 109.93300086 70.34699926 113.33300168 0 P 0
L 70.34699926 109.93300086 72.1469982 109.93300086 0 P 0
L 70.34699926 113.33300168 72.1469982 113.33300168 0 P 0
L 72.1469982 109.93300086 72.1469982 113.33300168 0 P 0
L 73.95100018 111.3600008 73.95100018 113.55999894 0 P 0
L 73.95100018 111.3600008 75.40099982 111.3600008 0 P 0
L 73.95100018 113.55999894 75.40099982 113.55999894 0 P 0
L 75.40099982 111.3600008 75.40099982 113.55999894 0 P 0
