UNITS=MM
#Layer_Color=6321
#
#Feature symbol names
#
$0 r127

#
#Feature attribute names
#

#
#Layer features
#
L 42.926 52.959 43.434 51.943 0 P 0
L 42.926 52.959 43.942 52.959 0 P 0
L 42.926 84.328 43.434 83.312 0 P 0
L 42.926 84.328 43.942 84.328 0 P 0
L 43.434 51.943 43.942 52.959 0 P 0
L 43.434 83.312 43.942 84.328 0 P 0
L 49.149 34.417 49.657 33.401 0 P 0
L 49.149 34.417 50.165 34.417 0 P 0
L 49.657 33.401 50.165 34.417 0 P 0
L 49.784 31.623 50.292 30.607 0 P 0
L 49.784 31.623 50.8 31.623 0 P 0
L 50.292 30.607 50.8 31.623 0 P 0
L 56.769 65.405 57.277 64.389 0 P 0
L 56.769 65.405 57.785 65.405 0 P 0
L 56.769 67.437 57.277 66.421 0 P 0
L 56.769 67.437 57.785 67.437 0 P 0
L 56.769 69.342 57.277 68.326 0 P 0
L 56.769 69.342 57.785 69.342 0 P 0
L 56.769 71.247 57.277 70.231 0 P 0
L 56.769 71.247 57.785 71.247 0 P 0
L 57.277 64.389 57.785 65.405 0 P 0
L 57.277 66.421 57.785 67.437 0 P 0
L 57.277 68.326 57.785 69.342 0 P 0
L 57.277 70.231 57.785 71.247 0 P 0
L 59.436 53.721 59.944 52.705 0 P 0
L 59.436 53.721 60.452 53.721 0 P 0
L 59.563 66.294 60.071 65.278 0 P 0
L 59.563 66.294 60.579 66.294 0 P 0
L 59.944 52.705 60.452 53.721 0 P 0
L 60.071 65.278 60.579 66.294 0 P 0
L 60.325 64.516 60.833 63.5 0 P 0
L 60.325 64.516 61.341 64.516 0 P 0
L 60.833 63.5 61.341 64.516 0 P 0
L 63.26439468 64.68349268 63.77239468 63.66749268 0 P 0
L 63.26439468 64.68349268 64.28039468 64.68349268 0 P 0
L 63.754 77.851 64.262 76.835 0 P 0
L 63.754 77.851 64.77 77.851 0 P 0
L 63.754 79.756 64.262 78.74 0 P 0
L 63.754 79.756 64.77 79.756 0 P 0
L 63.77239468 63.66749268 64.28039468 64.68349268 0 P 0
L 63.881 60.96 64.389 59.944 0 P 0
L 63.881 60.96 64.897 60.96 0 P 0
L 63.881 62.865 64.389 61.849 0 P 0
L 63.881 62.865 64.897 62.865 0 P 0
L 64.262 76.835 64.77 77.851 0 P 0
L 64.262 78.74 64.77 79.756 0 P 0
L 64.389 59.944 64.897 60.96 0 P 0
L 64.389 61.849 64.897 62.865 0 P 0
L 65.9765 82.1055 66.4845 81.0895 0 P 0
L 65.9765 82.1055 66.9925 82.1055 0 P 0
L 66.4845 81.0895 66.9925 82.1055 0 P 0
L 67.691 82.677 68.199 81.661 0 P 0
L 67.691 82.677 68.707 82.677 0 P 0
L 68.199 81.661 68.707 82.677 0 P 0
L 68.20050114 64.008 68.70850114 62.992 0 P 0
L 68.20050114 64.008 69.21650114 64.008 0 P 0
L 68.326 60.198 68.834 59.182 0 P 0
L 68.326 60.198 69.342 60.198 0 P 0
L 68.326 62.103 68.834 61.087 0 P 0
L 68.326 62.103 69.342 62.103 0 P 0
L 68.70850114 62.992 69.21650114 64.008 0 P 0
L 68.834 59.182 69.342 60.198 0 P 0
L 68.834 61.087 69.342 62.103 0 P 0
L 69.469 77.597 69.977 76.581 0 P 0
L 69.469 77.597 70.485 77.597 0 P 0
L 69.977 76.581 70.485 77.597 0 P 0
L 71.628 57.404 72.136 56.388 0 P 0
L 71.628 57.404 72.644 57.404 0 P 0
L 71.628 66.675 72.136 65.659 0 P 0
L 71.628 66.675 72.644 66.675 0 P 0
L 71.755 77.216 72.263 76.2 0 P 0
L 71.755 77.216 72.771 77.216 0 P 0
L 72.136 56.388 72.644 57.404 0 P 0
L 72.136 65.659 72.644 66.675 0 P 0
L 72.263 76.2 72.771 77.216 0 P 0
L 79.629 43.44199846 80.137 42.42599846 0 P 0
L 79.629 43.44199846 80.645 43.44199846 0 P 0
L 80.137 42.42599846 80.645 43.44199846 0 P 0
L 83.439 43.44199846 83.947 42.42599846 0 P 0
L 83.439 43.44199846 84.455 43.44199846 0 P 0
L 83.947 42.42599846 84.455 43.44199846 0 P 0
L 83.947 86.741 84.455 85.725 0 P 0
L 83.947 86.741 84.963 86.741 0 P 0
L 84.455 85.725 84.963 86.741 0 P 0
L 87.376 67.945 87.884 66.929 0 P 0
L 87.376 67.945 88.392 67.945 0 P 0
L 87.884 66.929 88.392 67.945 0 P 0
L 90.424 59.817 90.932 58.801 0 P 0
L 90.424 59.817 91.44 59.817 0 P 0
L 90.932 58.801 91.44 59.817 0 P 0
L 96.012 38.1 96.52 37.084 0 P 0
L 96.012 38.1 97.028 38.1 0 P 0
L 96.012 40.132 96.52 39.116 0 P 0
L 96.012 40.132 97.028 40.132 0 P 0
L 96.012 44.196 96.52 43.18 0 P 0
L 96.012 44.196 97.028 44.196 0 P 0
L 96.012 46.228 96.52 45.212 0 P 0
L 96.012 46.228 97.028 46.228 0 P 0
L 96.52 37.084 97.028 38.1 0 P 0
L 96.52 39.116 97.028 40.132 0 P 0
L 96.52 43.18 97.028 44.196 0 P 0
L 96.52 45.212 97.028 46.228 0 P 0
