UNITS=MM
#Layer_Color=15138737
#
#Feature symbol names
#
$0 r99.9998
$1 r25.00122
$2 rect579.69658x4309.999

#
#Feature attribute names
#

#
#Layer features
#
A 40.84299934 32.9849988 40.84299934 32.9849988 40.34300034 32.9849988 0 P 0 N
A 82.99899834 38.6999988 82.99899834 38.6999988 82.49899934 38.6999988 0 P 0 N
L 29.19490732 92.74676396 29.19490732 94.3967632 0 P 0
L 29.19490732 92.74676396 30.14490796 92.74676396 0 P 0
L 29.19490732 94.3967632 30.14490796 94.3967632 0 P 0
L 30.14490796 92.74676396 30.14490796 94.3967632 0 P 0
L 30.8409086 92.95076152 30.8409086 94.7007631 0 P 0
L 30.8409086 92.95076152 31.80090922 92.95076152 0 P 0
L 30.8409086 94.7007631 31.80090922 94.7007631 0 P 0
L 31.59800132 33.6440018 31.59800132 35.44400074 0 P 0
L 31.59800132 33.6440018 34.99800214 33.6440018 0 P 0
L 31.59800132 35.44400074 34.99800214 35.44400074 0 P 0
L 31.80090922 92.95076152 31.80090922 94.7007631 0 P 0
L 32.54000096 92.96599898 32.54000096 94.71600056 0 P 0
L 32.54000096 92.96599898 33.50000158 92.96599898 0 P 0
L 32.54000096 94.71600056 33.50000158 94.71600056 0 P 0
L 32.79799892 30.51700018 32.79799892 31.96699982 0 P 0
L 32.79799892 30.51700018 34.9979996 30.51700018 0 P 0
L 32.79799892 31.96699982 34.9979996 31.96699982 0 P 0
L 33.50000158 92.96599898 33.50000158 94.71600056 0 P 0
L 34.180907 92.68276358 34.180907 94.33276282 0 P 0
L 34.180907 92.68276358 35.13090764 92.68276358 0 P 0
L 34.180907 94.33276282 35.13090764 94.33276282 0 P 0
L 34.9979996 30.51700018 34.9979996 31.96699982 0 P 0
L 34.99800214 33.6440018 34.99800214 35.44400074 0 P 0
L 35.13090764 92.68276358 35.13090764 94.33276282 0 P 0
L 37.24299892 30.88500046 37.24299892 33.88499954 0 P 0
L 37.24299892 30.88500046 41.24300108 30.88500046 0 P 0
L 37.24299892 33.88499954 41.24300108 33.88499954 0 P 0
L 37.54300086 27.0400018 37.54300086 28.84000074 0 P 0
L 37.54300086 27.0400018 40.94300168 27.0400018 0 P 0
L 37.54300086 28.84000074 40.94300168 28.84000074 0 P 0
L 38.36199846 35.18499948 38.36199846 36.43499952 0 P 0
L 38.36199846 35.18499948 40.36199954 35.18499948 0 P 0
L 38.36199846 36.43499952 40.36199954 36.43499952 0 P 0
L 40.36199954 35.18499948 40.36199954 36.43499952 0 P 0
L 40.94300168 27.0400018 40.94300168 28.84000074 0 P 0
L 41.24300108 30.88500046 41.24300108 33.88499954 0 P 0
L 42.90099878 34.02499926 42.90099878 35.8249982 0 P 0
L 42.90099878 34.02499926 46.3009996 34.02499926 0 P 0
L 42.90099878 35.8249982 46.3009996 35.8249982 0 P 0
L 46.3009996 34.02499926 46.3009996 35.8249982 0 P 0
L 60.93900182 77.45299978 60.93900182 78.50300022 0 P 0
L 60.93900182 77.45299978 61.48900072 77.45299978 0 P 0
L 60.93900182 78.50300022 61.48900072 78.50300022 0 P 0
L 60.9640005 79.764001 60.9640005 80.0640004 1 P 0
L 60.9640005 79.764001 60.9640005 80.763999 1 P 0
L 60.9640005 79.764001 61.4639995 79.764001 1 P 0
L 60.9640005 79.764001 61.4639995 79.764001 1 P 0
L 60.9640005 80.0640004 61.4639995 80.0640004 1 P 0
L 60.9640005 80.4639996 60.9640005 80.763999 1 P 0
L 60.9640005 80.4639996 61.4639995 80.4639996 1 P 0
L 60.9640005 80.763999 61.4639995 80.763999 1 P 0
L 60.9640005 80.763999 61.4639995 80.763999 1 P 0
L 61.12400018 92.1129984 61.12400018 94.32299906 0 P 0
L 61.12400018 92.1129984 62.57399982 92.1129984 0 P 0
L 61.12400018 94.32299906 62.57399982 94.32299906 0 P 0
L 61.214 52.9360003 61.214 54.58599954 0 P 0
L 61.214 52.9360003 62.16400064 52.9360003 0 P 0
L 61.214 54.58599954 62.16400064 54.58599954 0 P 0
L 61.4639995 79.764001 61.4639995 80.0640004 1 P 0
L 61.4639995 79.764001 61.4639995 80.763999 1 P 0
L 61.4639995 80.4639996 61.4639995 80.763999 1 P 0
L 61.48900072 77.45299978 61.48900072 78.50300022 0 P 0
L 61.85299796 86.3640005 61.85299796 90.6739995 0 P 0
L 61.85299796 86.3640005 66.1629995 86.3640005 0 P 0
L 61.85299796 90.6739995 66.1629995 90.6739995 0 P 0
L 62.16400064 52.9360003 62.16400064 54.58599954 0 P 0
L 62.57399982 92.1129984 62.57399982 94.32299906 0 P 0
L 64.17300094 95.66800018 64.17300094 97.11799982 0 P 0
L 64.17300094 95.66800018 66.3830016 95.66800018 0 P 0
L 64.17300094 97.11799982 66.3830016 97.11799982 0 P 0
L 64.30099916 91.66800056 64.30099916 94.76799944 0 P 0
L 64.30099916 91.66800056 66.0009983 91.66800056 0 P 0
L 64.30099916 94.76799944 66.0009983 94.76799944 0 P 0
L 66.0009983 91.66800056 66.0009983 94.76799944 0 P 0
L 66.1629995 86.3640005 66.1629995 90.6739995 0 P 0
L 66.3830016 95.66800018 66.3830016 97.11799982 0 P 0
L 70.6160005 86.3640005 70.6160005 90.6739995 0 P 0
L 70.6160005 86.3640005 74.92600204 86.3640005 0 P 0
L 70.6160005 90.6739995 74.92600204 90.6739995 0 P 0
L 71.09499878 95.92200018 71.09499878 97.37199982 0 P 0
L 71.09499878 95.92200018 73.30499944 95.92200018 0 P 0
L 71.09499878 97.37199982 73.30499944 97.37199982 0 P 0
L 71.29400016 78.94499832 71.29400016 82.34499914 0 P 0
L 71.29400016 78.94499832 73.99399984 78.94499832 0 P 0
L 71.29400016 82.34499914 73.99399984 82.34499914 0 P 0
L 71.53399968 68.3030003 71.53399968 69.95299954 0 P 0
L 71.53399968 68.3030003 72.48400032 68.3030003 0 P 0
L 71.53399968 69.95299954 72.48400032 69.95299954 0 P 0
L 71.5400017 91.79500056 71.5400017 94.89499944 0 P 0
L 71.5400017 91.79500056 73.24000084 91.79500056 0 P 0
L 71.5400017 94.89499944 73.24000084 94.89499944 0 P 0
L 72.48400032 68.3030003 72.48400032 69.95299954 0 P 0
L 72.94299864 58.88900084 72.94299864 60.53900008 0 P 0
L 72.94299864 58.88900084 73.89299928 58.88900084 0 P 0
L 72.94299864 60.53900008 73.89299928 60.53900008 0 P 0
L 73.24000084 91.79500056 73.24000084 94.89499944 0 P 0
L 73.30499944 95.92200018 73.30499944 97.37199982 0 P 0
L 73.89299928 58.88900084 73.89299928 60.53900008 0 P 0
L 73.99399984 78.94499832 73.99399984 82.34499914 0 P 0
L 74.26000134 69.82899928 74.26000134 70.37900072 0 P 0
L 74.26000134 69.82899928 75.31000178 69.82899928 0 P 0
L 74.26000134 70.37900072 75.31000178 70.37900072 0 P 0
L 74.3869988 62.97099928 74.3869988 63.52100072 0 P 0
L 74.3869988 62.97099928 75.43699924 62.97099928 0 P 0
L 74.3869988 63.52100072 75.43699924 63.52100072 0 P 0
L 74.46199992 59.0929984 74.46199992 60.84299998 0 P 0
L 74.46199992 59.0929984 75.42200054 59.0929984 0 P 0
L 74.46199992 60.84299998 75.42200054 60.84299998 0 P 0
L 74.48399886 54.38000046 74.48399886 57.37999954 0 P 0
L 74.48399886 54.38000046 75.8839986 54.38000046 0 P 0
L 74.48399886 57.37999954 75.8839986 57.37999954 0 P 0
L 74.92600204 86.3640005 74.92600204 90.6739995 0 P 0
L 75.2219984 93.76300018 75.2219984 95.21299982 0 P 0
L 75.2219984 93.76300018 77.43199906 93.76300018 0 P 0
L 75.2219984 95.21299982 77.43199906 95.21299982 0 P 0
L 75.31000178 69.82899928 75.31000178 70.37900072 0 P 0
L 75.42200054 59.0929984 75.42200054 60.84299998 0 P 0
L 75.4270018 78.94499832 75.4270018 82.34499914 0 P 0
L 75.4270018 78.94499832 77.22700074 78.94499832 0 P 0
L 75.4270018 82.34499914 77.22700074 82.34499914 0 P 0
L 75.43699924 62.97099928 75.43699924 63.52100072 0 P 0
L 75.8839986 54.38000046 75.8839986 57.37999954 0 P 0
L 77.22700074 78.94499832 77.22700074 82.34499914 0 P 0
L 77.43199906 93.76300018 77.43199906 95.21299982 0 P 0
L 77.83999926 45.54400086 77.83999926 48.94400168 0 P 0
L 77.83999926 45.54400086 79.6399982 45.54400086 0 P 0
L 77.83999926 48.94400168 79.6399982 48.94400168 0 P 0
L 77.98599846 32.39699642 77.98599846 32.89699796 0 P 0
L 77.98599846 32.39699642 78.985999 32.39699642 0 P 0
L 77.98599846 32.89699796 78.985999 32.89699796 0 P 0
L 78.39600018 78.7830022 78.39600018 80.98300034 0 P 0
L 78.39600018 78.7830022 79.84599982 78.7830022 0 P 0
L 78.39600018 80.98300034 79.84599982 80.98300034 0 P 0
L 78.39899992 35.59999992 78.39899992 39.59999954 0 P 0
L 78.39899992 35.59999992 83.39900008 35.59999992 0 P 0
L 78.39899992 39.59999954 83.39900008 39.59999954 0 P 0
L 78.985999 32.39699642 78.985999 32.89699796 0 P 0
L 79.6399982 45.54400086 79.6399982 48.94400168 0 P 0
L 79.84599982 78.7830022 79.84599982 80.98300034 0 P 0
L 80.07399784 32.17199814 80.07399784 33.12199878 0 P 0
L 80.07399784 32.17199814 81.72399962 32.17199814 0 P 0
L 80.07399784 33.12199878 81.72399962 33.12199878 0 P 0
L 80.80500222 82.67900152 80.80500222 84.42900056 0 P 0
L 80.80500222 82.67900152 81.75500032 82.67900152 0 P 0
L 80.80500222 84.42900056 81.75500032 84.42900056 0 P 0
L 80.88799926 45.54400086 80.88799926 48.94400168 0 P 0
L 80.88799926 45.54400086 82.6879982 45.54400086 0 P 0
L 80.88799926 48.94400168 82.6879982 48.94400168 0 P 0
L 81.72399962 32.17199814 81.72399962 33.12199878 0 P 0
L 81.75500032 82.67900152 81.75500032 84.42900056 0 P 0
L 82.65599928 83.37799936 82.65599928 84.4279998 0 P 0
L 82.65599928 83.37799936 83.20599818 83.37799936 0 P 0
L 82.65599928 84.4279998 83.20599818 84.4279998 0 P 0
L 82.6879982 45.54400086 82.6879982 48.94400168 0 P 0
L 82.81199846 32.39699642 82.81199846 32.89699796 0 P 0
L 82.81199846 32.39699642 83.811999 32.39699642 0 P 0
L 82.81199846 32.89699796 83.811999 32.89699796 0 P 0
L 83.20599818 83.37799936 83.20599818 84.4279998 0 P 0
L 83.39900008 35.59999992 83.39900008 39.59999954 0 P 0
L 83.811999 32.39699642 83.811999 32.89699796 0 P 0
L 84.35600096 33.6769964 84.35600096 35.42699798 0 P 0
L 84.35600096 33.6769964 85.31600158 33.6769964 0 P 0
L 84.35600096 35.42699798 85.31600158 35.42699798 0 P 0
L 85.31600158 33.6769964 85.31600158 35.42699798 0 P 0
L 90.32999968 31.13900046 90.32999968 32.7889997 0 P 0
L 90.32999968 31.13900046 91.28000032 31.13900046 0 P 0
L 90.32999968 32.7889997 91.28000032 32.7889997 0 P 0
L 91.28000032 31.13900046 91.28000032 32.7889997 0 P 0
L 92.61599968 31.0920003 92.61599968 32.74199954 0 P 0
L 92.61599968 31.0920003 93.56600032 31.0920003 0 P 0
L 92.61599968 32.74199954 93.56600032 32.74199954 0 P 0
L 93.56600032 31.0920003 93.56600032 32.74199954 0 P 0
L 95.02899968 31.13900046 95.02899968 32.7889997 0 P 0
L 95.02899968 31.13900046 95.97900032 31.13900046 0 P 0
L 95.02899968 32.7889997 95.97900032 32.7889997 0 P 0
L 95.97900032 31.13900046 95.97900032 32.7889997 0 P 0
L 97.44199968 31.13900046 97.44199968 32.7889997 0 P 0
L 97.44199968 31.13900046 98.39200032 31.13900046 0 P 0
L 97.44199968 32.7889997 98.39200032 32.7889997 0 P 0
L 98.39200032 31.13900046 98.39200032 32.7889997 0 P 0
P 65.87313978 88.51899238 2 P 0 0
P 70.90577386 88.51907366 2 P 0 0
