UNITS=MM
#Layer_Color=6321
#
#Feature symbol names
#
$0 r127

#
#Feature attribute names
#

#
#Layer features
#
L 27.559 86.614 27.559 87.122 0 P 0
L 27.559 86.614 27.813 86.614 0 P 0
L 27.559 87.122 27.813 87.122 0 P 0
L 27.813 86.36 27.813 86.614 0 P 0
L 27.813 86.36 28.321 86.36 0 P 0
L 27.813 87.122 27.813 87.376 0 P 0
L 27.813 87.376 28.321 87.376 0 P 0
L 28.321 86.36 28.321 86.614 0 P 0
L 28.321 86.614 28.575 86.614 0 P 0
L 28.321 87.122 28.321 87.376 0 P 0
L 28.321 87.122 28.575 87.122 0 P 0
L 28.575 86.614 28.575 87.122 0 P 0
L 32.385 113.538 32.385 114.046 0 P 0
L 32.385 113.538 32.639 113.538 0 P 0
L 32.385 114.046 32.639 114.046 0 P 0
L 32.639 113.284 32.639 113.538 0 P 0
L 32.639 113.284 33.147 113.284 0 P 0
L 32.639 114.046 32.639 114.3 0 P 0
L 32.639 114.3 33.147 114.3 0 P 0
L 33.147 113.284 33.147 113.538 0 P 0
L 33.147 113.538 33.401 113.538 0 P 0
L 33.147 114.046 33.147 114.3 0 P 0
L 33.147 114.046 33.401 114.046 0 P 0
L 33.274 104.521 33.274 105.029 0 P 0
L 33.274 104.521 33.528 104.521 0 P 0
L 33.274 105.029 33.528 105.029 0 P 0
L 33.401 113.538 33.401 114.046 0 P 0
L 33.528 104.267 33.528 104.521 0 P 0
L 33.528 104.267 34.036 104.267 0 P 0
L 33.528 105.029 33.528 105.283 0 P 0
L 33.528 105.283 34.036 105.283 0 P 0
L 34.036 104.267 34.036 104.521 0 P 0
L 34.036 104.521 34.29 104.521 0 P 0
L 34.036 105.029 34.036 105.283 0 P 0
L 34.036 105.029 34.29 105.029 0 P 0
L 34.29 104.521 34.29 105.029 0 P 0
L 50.038 105.664 50.038 106.172 0 P 0
L 50.038 105.664 50.292 105.664 0 P 0
L 50.038 106.172 50.292 106.172 0 P 0
L 50.292 105.41 50.292 105.664 0 P 0
L 50.292 105.41 50.8 105.41 0 P 0
L 50.292 106.172 50.292 106.426 0 P 0
L 50.292 106.426 50.8 106.426 0 P 0
L 50.8 105.41 50.8 105.664 0 P 0
L 50.8 105.664 51.054 105.664 0 P 0
L 50.8 106.172 50.8 106.426 0 P 0
L 50.8 106.172 51.054 106.172 0 P 0
L 51.054 105.664 51.054 106.172 0 P 0
L 62.611 87.503 62.611 88.011 0 P 0
L 62.611 87.503 62.865 87.503 0 P 0
L 62.611 88.011 62.865 88.011 0 P 0
L 62.865 87.249 62.865 87.503 0 P 0
L 62.865 87.249 63.373 87.249 0 P 0
L 62.865 88.011 62.865 88.265 0 P 0
L 62.865 88.265 63.373 88.265 0 P 0
L 63.373 87.249 63.373 87.503 0 P 0
L 63.373 87.503 63.627 87.503 0 P 0
L 63.373 88.011 63.373 88.265 0 P 0
L 63.373 88.011 63.627 88.011 0 P 0
L 63.627 87.503 63.627 88.011 0 P 0
