UNITS=MM
#Layer_Color=15314666
#
#Feature symbol names
#
$0 r203.2
$1 r49.9999
$2 r99.9998

#
#Feature attribute names
#

#
#Layer features
#
L 30.1625 90.297 30.7975 90.297 0 P 0
L 30.48 89.9795 30.48 90.6145 0 P 0
L 33.2105 90.297 33.8455 90.297 0 P 0
L 33.528 89.9795 33.528 90.6145 0 P 0
L 33.71299836 109.64800016 33.71299836 111.4479991 1 P 0
L 33.71299836 109.64800016 34.6129991 109.64800016 1 P 0
L 33.71299836 111.4479991 34.6129991 111.4479991 1 P 0
L 33.88799928 110.54799836 34.43799818 110.54799836 2 P 0
L 34.163 110.27300018 34.163 110.82299908 2 P 0
L 34.6129991 109.64800016 34.6129991 111.4479991 1 P 0
L 35.49099836 109.64800016 35.49099836 111.4479991 1 P 0
L 35.49099836 109.64800016 36.3909991 109.64800016 1 P 0
L 35.49099836 111.4479991 36.3909991 111.4479991 1 P 0
L 35.66599928 110.54799836 36.21599818 110.54799836 2 P 0
L 35.941 110.27300018 35.941 110.82299908 2 P 0
L 36.1315 90.297 36.7665 90.297 0 P 0
L 36.3909991 109.64800016 36.3909991 111.4479991 1 P 0
L 36.449 89.9795 36.449 90.6145 0 P 0
L 39.1795 90.297 39.8145 90.297 0 P 0
L 39.497 89.9795 39.497 90.6145 0 P 0
L 42.3545 90.3605 42.9895 90.3605 0 P 0
L 42.672 90.043 42.672 90.678 0 P 0
L 46.0375 90.3605 46.6725 90.3605 0 P 0
L 46.355 90.043 46.355 90.678 0 P 0
L 51.70499946 109.65299888 51.70499946 113.55300124 1 P 0
L 51.70499946 109.65299888 53.704998 109.65299888 1 P 0
L 51.70499946 113.55300124 53.704998 113.55300124 1 P 0
L 52.20499846 111.60300006 53.204999 111.60300006 2 P 0
L 52.705 111.10300106 52.705 112.10299906 2 P 0
L 53.704998 109.65299888 53.704998 113.55300124 1 P 0
L 56.91199946 109.68299882 56.91199946 113.58300118 1 P 0
L 56.91199946 109.68299882 58.911998 109.68299882 1 P 0
L 56.91199946 113.58300118 58.911998 113.58300118 1 P 0
L 57.41199846 111.633 58.411999 111.633 2 P 0
L 57.912 111.133001 57.912 112.132999 2 P 0
L 58.911998 109.68299882 58.911998 113.58300118 1 P 0
L 61.73799946 109.68299882 61.73799946 113.58300118 1 P 0
L 61.73799946 109.68299882 63.737998 109.68299882 1 P 0
L 61.73799946 113.58300118 63.737998 113.58300118 1 P 0
L 62.23799846 111.633 63.237999 111.633 2 P 0
L 62.738 111.133001 62.738 112.132999 2 P 0
L 63.737998 109.68299882 63.737998 113.58300118 1 P 0
L 64.90200126 108.75600042 64.90200126 114.25599958 1 P 0
L 64.90200126 108.75600042 68.70200128 108.75600042 1 P 0
L 64.90200126 114.25599958 68.70200128 114.25599958 1 P 0
L 66.302001 111.506 67.301999 111.506 2 P 0
L 66.802 111.006001 66.802 112.00600154 2 P 0
L 68.70200128 108.75600042 68.70200128 114.25599958 1 P 0
L 69.79700036 108.88300042 69.79700036 114.38299958 1 P 0
L 69.79700036 108.88300042 72.69699964 108.88300042 1 P 0
L 69.79700036 114.38299958 72.69699964 114.38299958 1 P 0
L 70.74699846 111.633 71.746999 111.633 2 P 0
L 71.247 111.133001 71.247 112.13300154 2 P 0
L 72.69699964 108.88300042 72.69699964 114.38299958 1 P 0
L 73.82599916 111.10999876 73.82599916 113.81000098 1 P 0
L 73.82599916 111.10999876 75.52600084 111.10999876 1 P 0
L 73.82599916 113.81000098 75.52600084 113.81000098 1 P 0
L 74.176001 112.46000114 75.175999 112.46000114 2 P 0
L 74.676 111.9599996 74.676 112.96000014 2 P 0
L 75.52600084 111.10999876 75.52600084 113.81000098 1 P 0
